0                        293.1500002863139        293.150444065826
0.6                      293.1500373694754        293.3315283627546
1.2                      293.15003549320136       293.4695042449979
2.4                      293.1500274570771        293.67293125692436
4.8                      293.15002484659703       293.9231986057406
9.6                      293.15000060473477       294.24967196498636
19.2                     293.15046842929564       294.6117843737334
38.4                     293.1578643054586        295.17790983742265
76.8                     293.22991244794207       296.0036655302
136.8                    293.4898202516977        296.97281816045796
196.8                    293.8637402071307        297.77925189466896
256.8                    294.31511325989896       298.4954979965639
316.8                    294.8116134995019        299.1636319685601
376.8                    295.34188024126996       299.7967791209881
436.8                    295.8916663872587        300.41006974937085
496.8                    296.45458456819125       301.0103387805769
556.8                    297.0259148085088        301.6022985478342
616.8                    297.6021109310837        302.18939238708765
