0                        293.1500008711963        293.15000000006233
0.6                      293.22206303850277       293.149999893987
1.2                      293.2890290702356        293.14999977389886
2.4                      293.3946045158011        293.1499999118926
4.8                      293.53092898740135       293.1499999306578
9.6                      293.6955173169824        293.150001620624
19.2                     293.9295339634901        293.15009557794014
38.4                     294.2549377228008        293.1527115775257
76.8                     294.7243346427076        293.17938622384196
136.8                    295.2676594468897        293.2754850561721
196.8                    295.719642414115         293.40929548919974
256.8                    296.1057943387013        293.57253911206294
316.8                    296.4543799538145        293.7530103853352
376.8                    296.7761223154809        293.9449670583588
436.8                    297.07751695743946       294.1430816831963
496.8                    297.3643418260439        294.34250704207
556.8                    297.6403355272021        294.5456776176338
616.8                    297.90385575163316       294.7455900119282
