0                        293.15000019479237       293.15030297077635
0.6                      293.1500201324583        293.25906911976915
1.2                      293.1500166369974        293.331958832584
2.4                      293.15000441471193       293.42790541956333
4.8                      293.14999546016264       293.5404487710171
9.6                      293.15009643388373       293.69186448149117
19.2                     293.1516229356892        293.90593854539895
38.4                     293.17008420715587       294.2012013529078
76.8                     293.27837731524244       294.63266145470476
136.8                    293.55885132561514       295.15471189632495
196.8                    293.8936898424357        295.6157030374819
256.8                    294.2627746291021        296.04038851581936
316.8                    294.6483539243584        296.44850778034936
376.8                    295.0409504167827        296.84979512326856
436.8                    295.4363107398564        297.2483958574584
496.8                    295.8327068328354        297.6459714558172
556.8                    296.22948010208495       298.043166407702
616.8                    296.6263887868678        298.4402237502575
