曲线1               
波长      数值      
400.00    18        
400.10    -52       
400.20    5         
400.30    -30       
400.40    -56       
400.50    -18       
400.60    -41       
400.70    23        
400.80    -18       
400.90    2         
401.00    68        
401.10    11        
401.20    -71       
401.30    -30       
401.40    16        
401.50    -1        
401.60    20        
401.70    -25       
401.80    1         
401.90    12        
402.00    -5        
402.10    62        
402.20    55        
402.30    -50       
402.40    -87       
402.50    20        
402.60    -96       
402.70    -21       
402.80    54        
402.90    -60       
403.00    -5        
403.10    -115      
403.20    11        
403.30    34        
403.40    21        
403.50    2         
403.60    7         
403.70    -52       
403.80    -10       
403.90    -19       
404.00    -45       
404.10    -42       
404.20    19        
404.30    61        
404.40    45        
404.50    -31       
404.60    -13       
404.70    3         
404.80    -93       
404.90    -18       
405.00    30        
405.10    -51       
405.20    -4        
405.30    19        
405.40    29        
405.50    -18       
405.60    2         
405.70    -32       
405.80    31        
405.90    -5        
406.00    -2        
406.10    31        
406.20    8         
406.30    23        
406.40    19        
406.50    -28       
406.60    -17       
406.70    30        
406.80    -93       
406.90    5         
407.00    19        
407.10    -41       
407.20    -19       
407.30    -12       
407.40    -25       
407.50    -16       
407.60    1         
407.70    -35       
407.80    5         
407.90    11        
408.00    -55       
408.10    -47       
408.20    32        
408.30    20        
408.40    11        
408.50    -16       
408.60    -20       
408.70    -19       
408.80    76        
408.90    19        
409.00    40        
409.10    -62       
409.20    -57       
409.30    -2        
409.40    -36       
409.50    18        
409.60    -1        
409.70    40        
409.80    49        
409.90    53        
410.00    33        
410.10    11        
410.20    51        
410.30    6         
410.40    -72       
410.50    57        
410.60    -13       
410.70    -138      
410.80    54        
410.90    27        
411.00    59        
411.10    45        
411.20    1         
411.30    -11       
411.40    5         
411.50    -106      
411.60    19        
411.70    -9        
411.80    44        
411.90    50        
412.00    71        
412.10    48        
412.20    -37       
412.30    3         
412.40    55        
412.50    -149      
412.60    2         
412.70    22        
412.80    39        
412.90    39        
413.00    47        
413.10    22        
413.20    -5        
413.30    77        
413.40    107       
413.50    33        
413.60    -39       
413.70    39        
413.80    -23       
413.90    -14       
414.00    -31       
414.10    36        
414.20    107       
414.30    26        
414.40    37        
414.50    48        
414.60    17        
414.70    -7        
414.80    -6        
414.90    14        
415.00    76        
415.10    44        
415.20    42        
415.30    72        
415.40    63        
415.50    32        
415.60    -7        
415.70    30        
415.80    -15       
415.90    -88       
416.00    29        
416.10    91        
416.20    -9        
416.30    71        
416.40    60        
416.50    112       
416.60    53        
416.70    53        
416.80    43        
416.90    28        
417.00    57        
417.10    78        
417.20    72        
417.30    98        
417.40    -27       
417.50    104       
417.60    123       
417.70    2         
417.80    -41       
417.90    62        
418.00    71        
418.10    46        
418.20    24        
418.30    64        
418.40    -41       
418.50    43        
418.60    88        
418.70    89        
418.80    139       
418.90    -30       
419.00    83        
419.10    33        
419.20    69        
419.30    -82       
419.40    116       
419.50    43        
419.60    81        
419.70    132       
419.80    155       
419.90    134       
420.00    127       
420.10    -120      
420.20    122       
420.30    86        
420.40    62        
420.50    115       
420.60    169       
420.70    162       
420.80    132       
420.90    162       
421.00    139       
421.10    62        
421.20    141       
421.30    99        
421.40    134       
421.50    51        
421.60    130       
421.70    84        
421.80    168       
421.90    731       
422.00    147       
422.10    709       
422.20    675       
422.30    58        
422.40    745       
422.50    95        
422.60    121       
422.70    131       
422.80    96        
422.90    694       
423.00    127       
423.10    140       
423.20    782       
423.30    167       
423.40    767       
423.50    126       
423.60    127       
423.70    753       
423.80    136       
423.90    150       
424.00    759       
424.10    733       
424.20    723       
424.30    734       
424.40    700       
424.50    751       
424.60    819       
424.70    771       
424.80    801       
424.90    741       
425.00    760       
425.10    872       
425.20    790       
425.30    734       
425.40    761       
425.50    785       
425.60    840       
425.70    752       
425.80    766       
425.90    799       
426.00    837       
426.10    788       
426.20    830       
426.30    800       
426.40    1013      
426.50    797       
426.60    810       
426.70    861       
426.80    833       
426.90    812       
427.00    911       
427.10    884       
427.20    937       
427.30    937       
427.40    825       
427.50    836       
427.60    875       
427.70    888       
427.80    851       
427.90    917       
428.00    917       
428.10    966       
428.20    911       
428.30    957       
428.40    1035      
428.50    951       
428.60    984       
428.70    919       
428.80    1015      
428.90    1013      
429.00    934       
429.10    1036      
429.20    1021      
429.30    980       
429.40    996       
429.50    1054      
429.60    1012      
429.70    1038      
429.80    1081      
429.90    1111      
430.00    1025      
430.10    1062      
430.20    1147      
430.30    1166      
430.40    1119      
430.50    1136      
430.60    1115      
430.70    1113      
430.80    1112      
430.90    1125      
431.00    1212      
431.10    1183      
431.20    1183      
431.30    1228      
431.40    1175      
431.50    1178      
431.60    1302      
431.70    1248      
431.80    1241      
431.90    1174      
432.00    1270      
432.10    1215      
432.20    1257      
432.30    1275      
432.40    1428      
432.50    1290      
432.60    1341      
432.70    1353      
432.80    1442      
432.90    1336      
433.00    1351      
433.10    1369      
433.20    1463      
433.30    1464      
433.40    1437      
433.50    1479      
433.60    1420      
433.70    1523      
433.80    1471      
433.90    1544      
434.00    1519      
434.10    1580      
434.20    1531      
434.30    1685      
434.40    1513      
434.50    1584      
434.60    1637      
434.70    1666      
434.80    1654      
434.90    1645      
435.00    1704      
435.10    1638      
435.20    1677      
435.30    1772      
435.40    1793      
435.50    1805      
435.60    1810      
435.70    1822      
435.80    1873      
435.90    1838      
436.00    1878      
436.10    1862      
436.20    1865      
436.30    1905      
436.40    1949      
436.50    1982      
436.60    2005      
436.70    1984      
436.80    2023      
436.90    2044      
437.00    2077      
437.10    2097      
437.20    2119      
437.30    2140      
437.40    2128      
437.50    2158      
437.60    2277      
437.70    2246      
437.80    2256      
437.90    2336      
438.00    2430      
438.10    2343      
438.20    2350      
438.30    2370      
438.40    2443      
438.50    2404      
438.60    2601      
438.70    2497      
438.80    2518      
438.90    2555      
439.00    2644      
439.10    2677      
439.20    2634      
439.30    2663      
439.40    2744      
439.50    2679      
439.60    2713      
439.70    2780      
439.80    2823      
439.90    2808      
440.00    2908      
440.10    2966      
440.20    2966      
440.30    2979      
440.40    3017      
440.50    3205      
440.60    3123      
440.70    3013      
440.80    3657      
440.90    3711      
441.00    3652      
441.10    3646      
441.20    3757      
441.30    3730      
441.40    3712      
441.50    3643      
441.60    3740      
441.70    3706      
441.80    3681      
441.90    3698      
442.00    3709      
442.10    3689      
442.20    3726      
442.30    3825      
442.40    3763      
442.50    3773      
442.60    3748      
442.70    3722      
442.80    3798      
442.90    3703      
443.00    3738      
443.10    3729      
443.20    3763      
443.30    3809      
443.40    3821      
443.50    3871      
443.60    3818      
443.70    3826      
443.80    3859      
443.90    3759      
444.00    3777      
444.10    3788      
444.20    3799      
444.30    3751      
444.40    3823      
444.50    3799      
444.60    3873      
444.70    3787      
444.80    3889      
444.90    3847      
445.00    3803      
445.10    3791      
445.20    3809      
445.30    3839      
445.40    3845      
445.50    3817      
445.60    3965      
445.70    3845      
445.80    3882      
445.90    3919      
446.00    3886      
446.10    3815      
446.20    3805      
446.30    3793      
446.40    3844      
446.50    3905      
446.60    3867      
446.70    3874      
446.80    3941      
446.90    3939      
447.00    3893      
447.10    3835      
447.20    3865      
447.30    3824      
447.40    3914      
447.50    3833      
447.60    3862      
447.70    3858      
447.80    3930      
447.90    3938      
448.00    3909      
448.10    3871      
448.20    3855      
448.30    3940      
448.40    3811      
448.50    3930      
448.60    3861      
448.70    3882      
448.80    3895      
448.90    3904      
449.00    3837      
449.10    3947      
449.20    3868      
449.30    3855      
449.40    3887      
449.50    3868      
449.60    3855      
449.70    3890      
449.80    3998      
449.90    3873      
450.00    3879      
450.10    3868      
450.20    3885      
450.30    3891      
450.40    3997      
450.50    3840      
450.60    3821      
450.70    3836      
450.80    3898      
450.90    3877      
451.00    4015      
451.10    3962      
451.20    3929      
451.30    3929      
451.40    3931      
451.50    3966      
451.60    3943      
451.70    3933      
451.80    3937      
451.90    3915      
452.00    3948      
452.10    3949      
452.20    3950      
452.30    3969      
452.40    4004      
452.50    3941      
452.60    3982      
452.70    3942      
452.80    3895      
452.90    3940      
453.00    4026      
453.10    4000      
453.20    3945      
453.30    4033      
453.40    3964      
453.50    3983      
453.60    4002      
453.70    4028      
453.80    3997      
453.90    3932      
454.00    4031      
454.10    4007      
454.20    4018      
454.30    3985      
454.40    4060      
454.50    4042      
454.60    3998      
454.70    4019      
454.80    4025      
454.90    4065      
455.00    4021      
455.10    4055      
455.20    4000      
455.30    4046      
455.40    4081      
455.50    4084      
455.60    4119      
455.70    4007      
455.80    4006      
455.90    4113      
456.00    4081      
456.10    4009      
456.20    3991      
456.30    3990      
456.40    4051      
456.50    4038      
456.60    4050      
456.70    4206      
456.80    4151      
456.90    4038      
457.00    4038      
457.10    4097      
457.20    4035      
457.30    4055      
457.40    4124      
457.50    4124      
457.60    4066      
457.70    4155      
457.80    4052      
457.90    4104      
458.00    4046      
458.10    4065      
458.20    4105      
458.30    4013      
458.40    4072      
458.50    4021      
458.60    4102      
458.70    4077      
458.80    4048      
458.90    4083      
459.00    4099      
459.10    4026      
459.20    4078      
459.30    4052      
459.40    4000      
459.50    4056      
459.60    4060      
459.70    4096      
459.80    4125      
459.90    4100      
460.00    4056      
460.10    4190      
460.20    4156      
460.30    4091      
460.40    4084      
460.50    4028      
460.60    4029      
460.70    4078      
460.80    4118      
460.90    4115      
461.00    4140      
461.10    4088      
461.20    4098      
461.30    4056      
461.40    4069      
461.50    4037      
461.60    4043      
461.70    4037      
461.80    4098      
461.90    4085      
462.00    4072      
462.10    4078      
462.20    4050      
462.30    4137      
462.40    4075      
462.50    4093      
462.60    4088      
462.70    4028      
462.80    4087      
462.90    4091      
463.00    4064      
463.10    4108      
463.20    4043      
463.30    4098      
463.40    4105      
463.50    4066      
463.60    4110      
463.70    4078      
463.80    4012      
463.90    4065      
464.00    4051      
464.10    4037      
464.20    4053      
464.30    4030      
464.40    4194      
464.50    4039      
464.60    4172      
464.70    4054      
464.80    4104      
464.90    4000      
465.00    4086      
465.10    4106      
465.20    4039      
465.30    4095      
465.40    4167      
465.50    4058      
465.60    4091      
465.70    4012      
465.80    4067      
465.90    4084      
466.00    4092      
466.10    4090      
466.20    4016      
466.30    4078      
466.40    4099      
466.50    4028      
466.60    4247      
466.70    4044      
466.80    4074      
466.90    4056      
467.00    4044      
467.10    3996      
467.20    4019      
467.30    4033      
467.40    4024      
467.50    3999      
467.60    3953      
467.70    4102      
467.80    3998      
467.90    3962      
468.00    4016      
468.10    3972      
468.20    4051      
468.30    3967      
468.40    3973      
468.50    4081      
468.60    3951      
468.70    4028      
468.80    4027      
468.90    4004      
469.00    4027      
469.10    3969      
469.20    4000      
469.30    3942      
469.40    3954      
469.50    4010      
469.60    3953      
469.70    4044      
469.80    3940      
469.90    3979      
470.00    4010      
470.10    3931      
470.20    3942      
470.30    3954      
470.40    3930      
470.50    3967      
470.60    3906      
470.70    3975      
470.80    3954      
470.90    3849      
471.00    3919      
471.10    3921      
471.20    3897      
471.30    3920      
471.40    3909      
471.50    3886      
471.60    3913      
471.70    3911      
471.80    3852      
471.90    3883      
472.00    3921      
472.10    3901      
472.20    3817      
472.30    3918      
472.40    3881      
472.50    3862      
472.60    3947      
472.70    3912      
472.80    3856      
472.90    4010      
473.00    3920      
473.10    3837      
473.20    4022      
473.30    3857      
473.40    3852      
473.50    3857      
473.60    3865      
473.70    3862      
473.80    3914      
473.90    3947      
474.00    3847      
474.10    3913      
474.20    3841      
474.30    3936      
474.40    3880      
474.50    3902      
474.60    3839      
474.70    3836      
474.80    3865      
474.90    3874      
475.00    3873      
475.10    3874      
475.20    3849      
475.30    3808      
475.40    3909      
475.50    3909      
475.60    3894      
475.70    3913      
475.80    3816      
475.90    3895      
476.00    3884      
476.10    3879      
476.20    3838      
476.30    3891      
476.40    3868      
476.50    3857      
476.60    3860      
476.70    3895      
476.80    3829      
476.90    3813      
477.00    3824      
477.10    3853      
477.20    3866      
477.30    3874      
477.40    3847      
477.50    3865      
477.60    3902      
477.70    3849      
477.80    3832      
477.90    3828      
478.00    3846      
478.10    3801      
478.20    3865      
478.30    3832      
478.40    3866      
478.50    3919      
478.60    3868      
478.70    3883      
478.80    3848      
478.90    3870      
479.00    3809      
479.10    3766      
479.20    3815      
479.30    3839      
479.40    3845      
479.50    3889      
479.60    3812      
479.70    3954      
479.80    3804      
479.90    3846      
480.00    3832      
480.10    3867      
480.20    3725      
480.30    3894      
480.40    3835      
480.50    3830      
480.60    3849      
480.70    3783      
480.80    3813      
480.90    3840      
481.00    3781      
481.10    3888      
481.20    3759      
481.30    3780      
481.40    3782      
481.50    3843      
481.60    3768      
481.70    3765      
481.80    3752      
481.90    3768      
482.00    3759      
482.10    3761      
482.20    3779      
482.30    3812      
482.40    3791      
482.50    3710      
482.60    3735      
482.70    3814      
482.80    3775      
482.90    3815      
483.00    3819      
483.10    3772      
483.20    3736      
483.30    3717      
483.40    3694      
483.50    3713      
483.60    3719      
483.70    3690      
483.80    3687      
483.90    3726      
484.00    3717      
484.10    3708      
484.20    3719      
484.30    3730      
484.40    3650      
484.50    3653      
484.60    3637      
484.70    3679      
484.80    3651      
484.90    3648      
485.00    3660      
485.10    3587      
485.20    3704      
485.30    3608      
485.40    3617      
485.50    3629      
485.60    3591      
485.70    3533      
485.80    3518      
485.90    3478      
486.00    3469      
486.10    3067      
486.20    2763      
486.30    2772      
486.40    2728      
486.50    2701      
486.60    2683      
486.70    2627      
486.80    2682      
486.90    2561      
487.00    2620      
487.10    2557      
487.20    2582      
487.30    2502      
487.40    2444      
487.50    2502      
487.60    2460      
487.70    2397      
487.80    2379      
487.90    2388      
488.00    2322      
488.10    2302      
488.20    2308      
488.30    2323      
488.40    2241      
488.50    2318      
488.60    2214      
488.70    2227      
488.80    2196      
488.90    2123      
489.00    2191      
489.10    2155      
489.20    2121      
489.30    2169      
489.40    2149      
489.50    2081      
489.60    2087      
489.70    2126      
489.80    2067      
489.90    1984      
490.00    1928      
490.10    1955      
490.20    1971      
490.30    1895      
490.40    1918      
490.50    1928      
490.60    1943      
490.70    1964      
490.80    1837      
490.90    1882      
491.00    1836      
491.10    1826      
491.20    1781      
491.30    1856      
491.40    1755      
491.50    1839      
491.60    1769      
491.70    1798      
491.80    1812      
491.90    1724      
492.00    1760      
492.10    1683      
492.20    1664      
492.30    1714      
492.40    1720      
492.50    1687      
492.60    1657      
492.70    1644      
492.80    1670      
492.90    1663      
493.00    1579      
493.10    1610      
493.20    1567      
493.30    1588      
493.40    1613      
493.50    1544      
493.60    1548      
493.70    1526      
493.80    1529      
493.90    1676      
494.00    1564      
494.10    1522      
494.20    1560      
494.30    1457      
494.40    1432      
494.50    1462      
494.60    1466      
494.70    1458      
494.80    1483      
494.90    1392      
495.00    1468      
495.10    1412      
495.20    1413      
495.30    1406      
495.40    1331      
495.50    1368      
495.60    1337      
495.70    1406      
495.80    1372      
495.90    1354      
496.00    1325      
496.10    1344      
496.20    1322      
496.30    1295      
496.40    1234      
496.50    1249      
496.60    1265      
496.70    1321      
496.80    1228      
496.90    1344      
497.00    1266      
497.10    1256      
497.20    1283      
497.30    1230      
497.40    1274      
497.50    1241      
497.60    1177      
497.70    1226      
497.80    1185      
497.90    1225      
498.00    1207      
498.10    1145      
498.20    1209      
498.30    1192      
498.40    1208      
498.50    1169      
498.60    1232      
498.70    1226      
498.80    1110      
498.90    1117      
499.00    1216      
499.10    1149      
499.20    1136      
499.30    1228      
499.40    1089      
499.50    1176      
499.60    1169      
499.70    1088      
499.80    1093      
499.90    1026      
500.00    1023      
500.10    1102      
500.20    1035      
500.30    1111      
500.40    1116      
500.50    1029      
500.60    995       
500.70    1136      
500.80    992       
500.90    1049      
501.00    1043      
501.10    1027      
501.20    979       
501.30    996       
501.40    954       
501.50    996       
501.60    1006      
501.70    988       
501.80    959       
501.90    1056      
502.00    922       
502.10    948       
502.20    937       
502.30    968       
502.40    922       
502.50    933       
502.60    936       
502.70    1014      
502.80    903       
502.90    965       
503.00    904       
503.10    949       
503.20    868       
503.30    903       
503.40    852       
503.50    912       
503.60    1006      
503.70    886       
503.80    961       
503.90    859       
504.00    899       
504.10    867       
504.20    863       
504.30    816       
504.40    865       
504.50    870       
504.60    836       
504.70    848       
504.80    877       
504.90    887       
505.00    801       
505.10    794       
505.20    808       
505.30    815       
505.40    955       
505.50    843       
505.60    884       
505.70    777       
505.80    767       
505.90    800       
506.00    761       
506.10    786       
506.20    827       
506.30    770       
506.40    773       
506.50    887       
506.60    789       
506.70    762       
506.80    782       
506.90    773       
507.00    763       
507.10    839       
507.20    773       
507.30    831       
507.40    751       
507.50    801       
507.60    855       
507.70    750       
507.80    727       
507.90    786       
508.00    767       
508.10    164       
508.20    782       
508.30    801       
508.40    737       
508.50    745       
508.60    671       
508.70    732       
508.80    738       
508.90    724       
509.00    711       
509.10    106       
509.20    677       
509.30    752       
509.40    177       
509.50    699       
509.60    679       
509.70    661       
509.80    696       
509.90    811       
510.00    675       
510.10    734       
510.20    747       
510.30    713       
510.40    137       
510.50    94        
510.60    182       
510.70    753       
510.80    686       
510.90    144       
511.00    158       
511.10    723       
511.20    180       
511.30    712       
511.40    134       
511.50    90        
511.60    725       
511.70    643       
511.80    156       
511.90    741       
512.00    74        
512.10    186       
512.20    157       
512.30    162       
512.40    93        
512.50    135       
512.60    773       
512.70    152       
512.80    123       
512.90    159       
513.00    713       
513.10    193       
513.20    160       
513.30    61        
513.40    716       
513.50    94        
513.60    126       
513.70    61        
513.80    679       
513.90    179       
514.00    164       
514.10    143       
514.20    73        
514.30    161       
514.40    780       
514.50    153       
514.60    5         
514.70    88        
514.80    92        
514.90    118       
515.00    140       
515.10    173       
515.20    88        
515.30    135       
515.40    110       
515.50    92        
515.60    103       
515.70    130       
515.80    130       
515.90    132       
516.00    141       
516.10    143       
516.20    107       
516.30    32        
516.40    128       
516.50    148       
516.60    49        
516.70    45        
516.80    103       
516.90    98        
517.00    114       
517.10    101       
517.20    121       
517.30    61        
517.40    100       
517.50    57        
517.60    54        
517.70    65        
517.80    784       
517.90    74        
518.00    100       
518.10    77        
518.20    85        
518.30    90        
518.40    62        
518.50    73        
518.60    117       
518.70    14        
518.80    62        
518.90    5         
519.00    76        
519.10    24        
519.20    100       
519.30    68        
519.40    83        
519.50    63        
519.60    65        
519.70    47        
519.80    13        
519.90    73        
520.00    74        
520.10    19        
520.20    31        
520.30    85        
520.40    33        
520.50    100       
520.60    56        
520.70    50        
520.80    57        
520.90    -46       
521.00    -44       
521.10    51        
521.20    7         
521.30    91        
521.40    20        
521.50    38        
521.60    98        
521.70    39        
521.80    82        
521.90    98        
522.00    -35       
522.10    39        
522.20    13        
522.30    42        
522.40    12        
522.50    88        
522.60    60        
522.70    82        
522.80    98        
522.90    36        
523.00    89        
523.10    53        
523.20    54        
523.30    33        
523.40    12        
523.50    58        
523.60    40        
523.70    58        
523.80    58        
523.90    2         
524.00    -10       
524.10    57        
524.20    12        
524.30    61        
524.40    56        
524.50    35        
524.60    65        
524.70    63        
524.80    50        
524.90    26        
525.00    62        
525.10    15        
525.20    45        
525.30    -5        
525.40    12        
525.50    63        
525.60    30        
525.70    55        
525.80    27        
525.90    21        
526.00    80        
526.10    83        
526.20    17        
526.30    1         
526.40    -13       
526.50    50        
526.60    39        
526.70    -23       
526.80    54        
526.90    -47       
527.00    81        
527.10    -5        
527.20    -44       
527.30    72        
527.40    51        
527.50    0         
527.60    30        
527.70    -114      
527.80    -37       
527.90    42        
528.00    99        
528.10    43        
528.20    -1        
528.30    -46       
528.40    19        
528.50    -92       
528.60    -40       
528.70    53        
528.80    55        
528.90    28        
529.00    27        
529.10    65        
529.20    68        
529.30    76        
529.40    -14       
529.50    57        
529.60    -93       
529.70    54        
529.80    -22       
529.90    17        
530.00    0         
