曲线1               
波长      数值      
300.00    -5        
300.10    -10       
300.20    10        
300.30    -26       
300.40    26        
300.50    53        
300.60    14        
300.70    58        
300.80    7         
300.90    28        
301.00    14        
301.10    48        
301.20    -27       
301.30    36        
301.40    12        
301.50    3         
301.60    17        
301.70    62        
301.80    -20       
301.90    -33       
302.00    -122      
302.10    -130      
302.20    -50       
302.30    -62       
302.40    13        
302.50    -24       
302.60    -13       
302.70    7         
302.80    1         
302.90    -31       
303.00    4         
303.10    32        
303.20    -28       
303.30    -4        
303.40    8         
303.50    46        
303.60    -71       
303.70    44        
303.80    -19       
303.90    113       
304.00    5         
304.10    -13       
304.20    -59       
304.30    -24       
304.40    -31       
304.50    -55       
304.60    -56       
304.70    -39       
304.80    3         
304.90    40        
305.00    67        
305.10    50        
305.20    18        
305.30    -11       
305.40    -4        
305.50    -14       
305.60    16        
305.70    -52       
305.80    45        
305.90    4         
306.00    -39       
306.10    42        
306.20    23        
306.30    -10       
306.40    24        
306.50    -20       
306.60    41        
306.70    -4        
306.80    2         
306.90    -36       
307.00    9         
307.10    53        
307.20    75        
307.30    47        
307.40    20        
307.50    -29       
307.60    -47       
307.70    22        
307.80    -62       
307.90    -56       
308.00    -56       
308.10    19        
308.20    -48       
308.30    49        
308.40    -69       
308.50    28        
308.60    0         
308.70    -27       
308.80    23        
308.90    -6        
309.00    -7        
309.10    -36       
309.20    80        
309.30    -54       
309.40    30        
309.50    35        
309.60    5         
309.70    34        
309.80    39        
309.90    64        
310.00    -17       
310.10    38        
310.20    -49       
310.30    -52       
310.40    -3        
310.50    -2        
310.60    29        
310.70    -1        
310.80    22        
310.90    -8        
311.00    -39       
311.10    27        
311.20    -40       
311.30    -11       
311.40    12        
311.50    -26       
311.60    -5        
311.70    47        
311.80    64        
311.90    -80       
312.00    -9        
312.10    -12       
312.20    -93       
312.30    -86       
312.40    17        
312.50    -31       
312.60    5         
312.70    -23       
312.80    -33       
312.90    -74       
313.00    -69       
313.10    32        
313.20    23        
313.30    49        
313.40    -75       
313.50    -48       
313.60    -1        
313.70    -42       
313.80    -39       
313.90    37        
314.00    47        
314.10    41        
314.20    9         
314.30    -41       
314.40    51        
314.50    3         
314.60    18        
314.70    -14       
314.80    -79       
314.90    -26       
315.00    29        
315.10    -75       
315.20    25        
315.30    -31       
315.40    -12       
315.50    -44       
315.60    -96       
315.70    -60       
315.80    -51       
315.90    10        
316.00    -36       
316.10    50        
316.20    -58       
316.30    -11       
316.40    -44       
316.50    -8        
316.60    11        
316.70    -17       
316.80    -39       
316.90    -65       
317.00    -10       
317.10    -8        
317.20    45        
317.30    16        
317.40    47        
317.50    55        
317.60    -24       
317.70    -51       
317.80    6         
317.90    -13       
318.00    16        
318.10    0         
318.20    -19       
318.30    -88       
318.40    -5        
318.50    14        
318.60    14        
318.70    -118      
318.80    -92       
318.90    -54       
319.00    -139      
319.10    -3        
319.20    -46       
319.30    -78       
319.40    4         
319.50    21        
319.60    45        
319.70    -7        
319.80    12        
319.90    -61       
320.00    20        
320.10    19        
320.20    -28       
320.30    -52       
320.40    -86       
320.50    -1        
320.60    17        
320.70    43        
320.80    -51       
320.90    39        
321.00    -34       
321.10    -27       
321.20    5         
321.30    19        
321.40    -24       
321.50    -21       
321.60    10        
321.70    1         
321.80    -19       
321.90    67        
322.00    8         
322.10    -46       
322.20    67        
322.30    -82       
322.40    -105      
322.50    22        
322.60    37        
322.70    -56       
322.80    -43       
322.90    4         
323.00    -17       
323.10    27        
323.20    0         
323.30    6         
323.40    17        
323.50    -28       
323.60    -17       
323.70    -20       
323.80    -131      
323.90    -24       
324.00    66        
324.10    31        
324.20    44        
324.30    56        
324.40    -34       
324.50    3         
324.60    -76       
324.70    -35       
324.80    -27       
324.90    15        
325.00    -5        
325.10    57        
325.20    -66       
325.30    35        
325.40    -28       
325.50    -67       
325.60    -19       
325.70    -62       
325.80    -96       
325.90    -50       
326.00    -5        
326.10    4         
326.20    9         
326.30    -24       
326.40    33        
326.50    13        
326.60    16        
326.70    -3        
326.80    -39       
326.90    -12       
327.00    -152      
327.10    -18       
327.20    -67       
327.30    50        
327.40    35        
327.50    7         
327.60    27        
327.70    -44       
327.80    -7        
327.90    -5        
328.00    -52       
328.10    8         
328.20    -9        
328.30    -5        
328.40    -23       
328.50    56        
328.60    62        
328.70    -52       
328.80    20        
328.90    -26       
329.00    -8        
329.10    -42       
329.20    -9        
329.30    -15       
329.40    19        
329.50    15        
329.60    29        
329.70    5         
329.80    29        
329.90    -5        
330.00    -18       
330.10    -33       
330.20    -2        
330.30    -18       
330.40    4         
330.50    -10       
330.60    33        
330.70    61        
330.80    78        
330.90    6         
331.00    17        
331.10    0         
331.20    -14       
331.30    -30       
331.40    -104      
331.50    26        
331.60    3         
331.70    14        
331.80    -17       
331.90    -34       
332.00    -2        
332.10    9         
332.20    -9        
332.30    -118      
332.40    -90       
332.50    52        
332.60    -28       
332.70    -48       
332.80    -45       
332.90    -45       
333.00    55        
333.10    30        
333.20    -36       
333.30    39        
333.40    37        
333.50    -80       
333.60    -112      
333.70    -14       
333.80    -1        
333.90    -8        
334.00    -18       
334.10    -30       
334.20    35        
334.30    57        
334.40    10        
334.50    -23       
334.60    13        
334.70    -122      
334.80    -66       
334.90    21        
335.00    -19       
335.10    -49       
335.20    58        
335.30    65        
335.40    41        
335.50    35        
335.60    4         
335.70    68        
335.80    -1        
335.90    -36       
336.00    -53       
336.10    -32       
336.20    12        
336.30    5         
336.40    69        
336.50    15        
336.60    -40       
336.70    -46       
336.80    28        
336.90    8         
337.00    -46       
337.10    31        
337.20    -5        
337.30    19        
337.40    20        
337.50    1         
337.60    13        
337.70    29        
337.80    -21       
337.90    -125      
338.00    -46       
338.10    -79       
338.20    -3        
338.30    -35       
338.40    16        
338.50    13        
338.60    -44       
338.70    57        
338.80    -10       
338.90    2         
339.00    -261      
339.10    -49       
339.20    -27       
339.30    -16       
339.40    0         
339.50    -15       
339.60    15        
339.70    7         
339.80    -104      
339.90    -56       
340.00    31        
340.10    -19       
340.20    7         
340.30    -95       
340.40    -16       
340.50    -21       
340.60    14        
340.70    -5        
340.80    0         
340.90    8         
341.00    26        
341.10    -1        
341.20    21        
341.30    4         
341.40    -10       
341.50    -5        
341.60    -18       
341.70    -17       
341.80    23        
341.90    -31       
342.00    -35       
342.10    10        
342.20    7         
342.30    -26       
342.40    -4        
342.50    -60       
342.60    -82       
342.70    38        
342.80    41        
342.90    -101      
343.00    -32       
343.10    -87       
343.20    11        
343.30    26        
343.40    30        
343.50    13        
343.60    -25       
343.70    -33       
343.80    -16       
343.90    -57       
344.00    -14       
344.10    26        
344.20    66        
344.30    16        
344.40    49        
344.50    30        
344.60    -51       
344.70    -31       
344.80    -12       
344.90    -24       
345.00    11        
345.10    27        
345.20    5         
345.30    45        
345.40    59        
345.50    63        
345.60    -26       
345.70    23        
345.80    -71       
345.90    -13       
346.00    -77       
346.10    -32       
346.20    -93       
346.30    16        
346.40    -6        
346.50    -22       
346.60    28        
346.70    -26       
346.80    42        
346.90    -18       
347.00    -23       
347.10    -46       
347.20    -71       
347.30    25        
347.40    39        
347.50    16        
347.60    -36       
347.70    -9        
347.80    -26       
347.90    -68       
348.00    9         
348.10    -58       
348.20    23        
348.30    -67       
348.40    -14       
348.50    7         
348.60    21        
348.70    35        
348.80    -20       
348.90    -55       
349.00    -13       
349.10    22        
349.20    -40       
349.30    -72       
349.40    20        
349.50    -110      
349.60    -9        
349.70    44        
349.80    13        
349.90    28        
350.00    -13       
350.10    16        
350.20    -15       
350.30    -45       
350.40    -113      
350.50    16        
350.60    -19       
350.70    58        
350.80    61        
350.90    42        
351.00    34        
351.10    -37       
351.20    -88       
351.30    -29       
351.40    -32       
351.50    -73       
351.60    -120      
351.70    -56       
351.80    -1        
351.90    58        
352.00    3         
352.10    1         
352.20    40        
352.30    3         
352.40    -74       
352.50    6         
352.60    -36       
352.70    -44       
352.80    16        
352.90    24        
353.00    32        
353.10    32        
353.20    45        
353.30    -54       
353.40    -24       
353.50    -59       
353.60    -35       
353.70    -45       
353.80    5         
353.90    -22       
354.00    41        
354.10    -53       
354.20    27        
354.30    13        
354.40    45        
354.50    6         
354.60    -89       
354.70    -12       
354.80    -62       
354.90    -72       
355.00    17        
355.10    9         
355.20    -13       
355.30    -123      
355.40    31        
355.50    -13       
355.60    -21       
355.70    34        
355.80    63        
355.90    -91       
356.00    7         
356.10    -49       
356.20    11        
356.30    16        
356.40    45        
356.50    43        
356.60    -16       
356.70    -2        
356.80    -37       
356.90    32        
357.00    -54       
357.10    -30       
357.20    17        
357.30    -14       
357.40    -11       
357.50    41        
357.60    26        
357.70    33        
357.80    40        
357.90    -94       
358.00    15        
358.10    -68       
358.20    -36       
358.30    26        
358.40    -67       
358.50    -19       
358.60    -14       
358.70    25        
358.80    -18       
358.90    39        
359.00    -47       
359.10    23        
359.20    -6        
359.30    -78       
359.40    2         
359.50    23        
359.60    -82       
359.70    -2        
359.80    86        
359.90    38        
360.00    42        
360.10    32        
360.20    19        
360.30    -86       
360.40    -31       
360.50    6         
360.60    -4        
360.70    68        
360.80    17        
360.90    51        
361.00    -16       
361.10    35        
361.20    -16       
361.30    11        
361.40    -32       
361.50    -5        
361.60    11        
361.70    29        
361.80    -73       
361.90    5         
362.00    6         
362.10    36        
362.20    9         
362.30    -38       
362.40    -46       
362.50    29        
362.60    -54       
362.70    -30       
362.80    19        
362.90    7         
363.00    2         
363.10    12        
363.20    28        
363.30    -80       
363.40    -38       
363.50    2         
363.60    -100      
363.70    -58       
363.80    -4        
363.90    71        
364.00    -56       
364.10    -53       
364.20    -1        
364.30    74        
364.40    171       
364.50    118       
364.60    7         
364.70    9         
364.80    -70       
364.90    34        
365.00    62        
365.10    22        
365.20    1         
365.30    39        
365.40    73        
365.50    -19       
365.60    -26       
365.70    46        
365.80    36        
365.90    -33       
366.00    -130      
366.10    32        
366.20    -8        
366.30    6         
366.40    73        
366.50    -47       
366.60    57        
366.70    -26       
366.80    51        
366.90    65        
367.00    -28       
367.10    -50       
367.20    -34       
367.30    -10       
367.40    14        
367.50    -24       
367.60    0         
367.70    24        
367.80    38        
367.90    18        
368.00    -78       
368.10    2         
368.20    -8        
368.30    -33       
368.40    -35       
368.50    -5        
368.60    -6        
368.70    58        
368.80    17        
368.90    14        
369.00    -57       
369.10    -3        
369.20    -95       
369.30    -214      
369.40    -181      
369.50    -23       
369.60    -90       
369.70    -35       
369.80    6         
369.90    30        
370.00    -10       
370.10    -12       
370.20    -8        
370.30    20        
370.40    -44       
370.50    -58       
370.60    -8        
370.70    17        
370.80    3         
370.90    57        
371.00    -86       
371.10    -3        
371.20    -11       
371.30    53        
371.40    -4        
371.50    -33       
371.60    -26       
371.70    -47       
371.80    51        
371.90    15        
372.00    47        
372.10    -24       
372.20    49        
372.30    -11       
372.40    29        
372.50    -9        
372.60    -26       
372.70    19        
372.80    21        
372.90    4         
373.00    -35       
373.10    25        
373.20    -65       
373.30    60        
373.40    -64       
373.50    -44       
373.60    -40       
373.70    -23       
373.80    -43       
373.90    12        
374.00    -79       
374.10    -16       
374.20    6         
374.30    -29       
374.40    50        
374.50    28        
374.60    4         
374.70    -50       
374.80    -19       
374.90    -43       
375.00    -23       
375.10    34        
375.20    -61       
375.30    52        
375.40    -114      
375.50    51        
375.60    -11       
375.70    -11       
375.80    -70       
375.90    27        
376.00    -23       
376.10    20        
376.20    32        
376.30    -65       
376.40    15        
376.50    58        
376.60    21        
376.70    -33       
376.80    -42       
376.90    -20       
377.00    27        
377.10    -98       
377.20    12        
377.30    -25       
377.40    -59       
377.50    15        
377.60    45        
377.70    51        
377.80    23        
377.90    -8        
378.00    9         
378.10    26        
378.20    -242      
378.30    -42       
378.40    -32       
378.50    29        
378.60    38        
378.70    -29       
378.80    29        
378.90    -26       
379.00    -31       
379.10    8         
379.20    23        
379.30    -103      
379.40    12        
379.50    -68       
379.60    -34       
379.70    -3        
379.80    -7        
379.90    28        
380.00    47        
380.10    -1        
380.20    39        
380.30    -22       
380.40    -50       
380.50    -15       
380.60    -32       
380.70    -116      
380.80    -20       
380.90    23        
381.00    -11       
381.10    36        
381.20    26        
381.30    -7        
381.40    3         
381.50    -65       
381.60    -67       
381.70    -8        
381.80    -5        
381.90    -46       
382.00    30        
382.10    8         
382.20    9         
382.30    14        
382.40    20        
382.50    -21       
382.60    -8        
382.70    -22       
382.80    43        
382.90    -1        
383.00    -50       
383.10    47        
383.20    17        
383.30    42        
383.40    -6        
383.50    -29       
383.60    -47       
383.70    -43       
383.80    -3        
383.90    36        
384.00    -39       
384.10    -10       
384.20    8         
384.30    -44       
384.40    -22       
384.50    -26       
384.60    -157      
384.70    26        
384.80    -6        
384.90    -31       
385.00    11        
385.10    -22       
385.20    6         
385.30    42        
385.40    -44       
385.50    -24       
385.60    -16       
385.70    -45       
385.80    -54       
385.90    -63       
386.00    -42       
386.10    -22       
386.20    72        
386.30    33        
386.40    38        
386.50    -12       
386.60    49        
386.70    66        
386.80    8         
386.90    3         
387.00    -49       
387.10    -12       
387.20    0         
387.30    -1        
387.40    19        
387.50    -29       
387.60    11        
387.70    30        
387.80    -3        
387.90    3         
388.00    21        
388.10    -172      
388.20    65        
388.30    -39       
388.40    -8        
388.50    -16       
388.60    55        
388.70    -12       
388.80    39        
388.90    20        
389.00    -50       
389.10    20        
389.20    -37       
389.30    -43       
389.40    -76       
389.50    30        
389.60    0         
389.70    10        
389.80    -47       
389.90    4         
390.00    16        
390.10    0         
390.20    -61       
390.30    -13       
390.40    -209      
390.50    29        
390.60    20        
390.70    45        
390.80    -1        
390.90    7         
391.00    3         
391.10    51        
391.20    -12       
391.30    48        
391.40    -54       
391.50    -79       
391.60    -71       
391.70    33        
391.80    38        
391.90    -32       
392.00    -46       
392.10    18        
392.20    8         
392.30    -18       
392.40    16        
392.50    -2        
392.60    -33       
392.70    -94       
392.80    -6        
392.90    -20       
393.00    -1        
393.10    37        
393.20    23        
393.30    26        
393.40    39        
393.50    20        
393.60    22        
393.70    -104      
393.80    -24       
393.90    17        
394.00    -7        
394.10    -33       
394.20    31        
394.30    63        
394.40    41        
394.50    -22       
394.60    -3        
394.70    12        
394.80    -22       
394.90    -26       
395.00    -24       
395.10    -36       
395.20    -45       
395.30    43        
395.40    8         
395.50    40        
395.60    -26       
395.70    -60       
395.80    -20       
395.90    -3        
396.00    -110      
396.10    -24       
396.20    14        
396.30    -19       
396.40    74        
396.50    -93       
396.60    12        
396.70    -68       
396.80    -96       
396.90    5         
397.00    -59       
397.10    8         
397.20    7         
397.30    -1        
397.40    33        
397.50    17        
397.60    39        
397.70    47        
397.80    -7        
397.90    10        
398.00    -2        
398.10    8         
398.20    -56       
398.30    -24       
398.40    -10       
398.50    -10       
398.60    39        
398.70    -3        
398.80    15        
398.90    15        
399.00    45        
399.10    -30       
399.20    1         
399.30    -31       
399.40    -18       
399.50    -19       
399.60    8         
399.70    31        
399.80    20        
399.90    55        
400.00    -49       
400.10    5         
400.20    23        
400.30    -56       
400.40    -41       
400.50    -29       
400.60    -8        
400.70    -14       
400.80    9         
400.90    -41       
401.00    42        
401.10    -51       
401.20    -40       
401.30    11        
401.40    -44       
401.50    26        
401.60    -56       
401.70    -25       
401.80    -1        
401.90    4         
402.00    36        
402.10    37        
402.20    -6        
402.30    6         
402.40    -56       
402.50    -22       
402.60    -51       
402.70    8         
402.80    -14       
402.90    -27       
403.00    -54       
403.10    39        
403.20    19        
403.30    -9        
403.40    -21       
403.50    -85       
403.60    -5        
403.70    -32       
403.80    84        
403.90    845       
404.00    741       
404.10    92        
404.20    40        
404.30    64        
404.40    -15       
404.50    24        
404.60    -24       
404.70    -28       
404.80    -6        
404.90    -43       
405.00    -29       
405.10    13        
405.20    -30       
405.30    55        
405.40    74        
405.50    54        
405.60    7         
405.70    13        
405.80    -58       
405.90    -58       
406.00    -36       
406.10    21        
406.20    -7        
406.30    26        
406.40    15        
406.50    76        
406.60    13        
406.70    28        
406.80    21        
406.90    -54       
407.00    28        
407.10    15        
407.20    -31       
407.30    -63       
407.40    -5        
407.50    5         
407.60    -32       
407.70    34        
407.80    -1        
407.90    19        
408.00    29        
408.10    -36       
408.20    19        
408.30    -64       
408.40    -52       
408.50    40        
408.60    -84       
408.70    15        
408.80    18        
408.90    -24       
409.00    21        
409.10    -32       
409.20    -188      
409.30    -57       
409.40    12        
409.50    -20       
409.60    -16       
409.70    13        
409.80    84        
409.90    -60       
410.00    -28       
410.10    -77       
410.20    -35       
410.30    -112      
410.40    -71       
410.50    63        
410.60    -145      
410.70    -90       
410.80    -4        
410.90    17        
411.00    47        
411.10    -11       
411.20    -13       
411.30    18        
411.40    -105      
411.50    -47       
411.60    -12       
411.70    -51       
411.80    24        
411.90    3         
412.00    53        
412.10    7         
412.20    8         
412.30    -38       
412.40    -4        
412.50    23        
412.60    -93       
412.70    40        
412.80    -29       
412.90    0         
413.00    25        
413.10    55        
413.20    19        
413.30    27        
413.40    42        
413.50    12        
413.60    -22       
413.70    -54       
413.80    20        
413.90    -56       
414.00    -12       
414.10    46        
414.20    14        
414.30    27        
414.40    -29       
414.50    -34       
414.60    23        
414.70    -41       
414.80    -35       
414.90    -32       
415.00    -8        
415.10    18        
415.20    1         
415.30    0         
415.40    -1        
415.50    -8        
415.60    -77       
415.70    -52       
415.80    0         
415.90    -149      
416.00    -65       
416.10    32        
416.20    54        
416.30    38        
416.40    -19       
416.50    21        
416.60    -66       
416.70    -49       
416.80    49        
416.90    -48       
417.00    -41       
417.10    -2        
417.20    -62       
417.30    -26       
417.40    -39       
417.50    42        
417.60    -24       
417.70    -74       
417.80    27        
417.90    -91       
418.00    -47       
418.10    -90       
418.20    -33       
418.30    -31       
418.40    20        
418.50    -28       
418.60    67        
418.70    -3        
418.80    -24       
418.90    22        
419.00    -59       
419.10    -55       
419.20    -123      
419.30    -20       
419.40    -33       
419.50    -25       
419.60    -15       
419.70    47        
419.80    32        
419.90    40        
420.00    16        
420.10    -32       
420.20    46        
420.30    15        
420.40    12        
420.50    -48       
420.60    -2        
420.70    -22       
420.80    -1        
420.90    62        
421.00    1         
421.10    -30       
421.20    -14       
421.30    -50       
421.40    -17       
421.50    -29       
421.60    -117      
421.70    -33       
421.80    -11       
421.90    43        
422.00    11        
422.10    30        
422.20    -10       
422.30    -31       
422.40    -14       
422.50    16        
422.60    -26       
422.70    -2        
422.80    21        
422.90    10        
423.00    26        
423.10    18        
423.20    -4        
423.30    33        
423.40    -20       
423.50    -148      
423.60    -56       
423.70    -81       
423.80    -23       
423.90    -75       
424.00    26        
424.10    29        
424.20    27        
424.30    -19       
424.40    -5        
424.50    -28       
424.60    -17       
424.70    -138      
424.80    -52       
424.90    13        
425.00    29        
425.10    31        
425.20    22        
425.30    23        
425.40    52        
425.50    -8        
425.60    21        
425.70    -73       
425.80    -69       
425.90    -41       
426.00    12        
426.10    56        
426.20    -18       
426.30    30        
426.40    -6        
426.50    23        
426.60    13        
426.70    7         
426.80    48        
426.90    -44       
427.00    -23       
427.10    -37       
427.20    1         
427.30    -50       
427.40    -43       
427.50    40        
427.60    1         
427.70    -50       
427.80    6         
427.90    -26       
428.00    -1        
428.10    -7        
428.20    22        
428.30    -85       
428.40    24        
428.50    44        
428.60    53        
428.70    28        
428.80    -63       
428.90    -50       
429.00    -62       
429.10    -51       
429.20    -37       
429.30    -22       
429.40    -52       
429.50    31        
429.60    60        
429.70    32        
429.80    10        
429.90    -43       
430.00    26        
430.10    -38       
430.20    -28       
430.30    14        
430.40    35        
430.50    -35       
430.60    -24       
430.70    32        
430.80    -41       
430.90    -43       
431.00    -3        
431.10    -69       
431.20    45        
431.30    -20       
431.40    -77       
431.50    -7        
431.60    36        
431.70    -35       
431.80    51        
431.90    -98       
432.00    26        
432.10    13        
432.20    -16       
432.30    -13       
432.40    -79       
432.50    12        
432.60    -34       
432.70    -12       
432.80    16        
432.90    8         
433.00    68        
433.10    25        
433.20    1         
433.30    -45       
433.40    4         
433.50    -19       
433.60    -51       
433.70    5         
433.80    20        
433.90    -21       
434.00    61        
434.10    14        
434.20    55        
434.30    6         
434.40    3         
434.50    -30       
434.60    -44       
434.70    10        
434.80    -38       
434.90    12        
435.00    68        
435.10    1202      
435.20    1029      
435.30    894       
435.40    9         
435.50    -9        
435.60    -8        
435.70    -73       
435.80    -75       
435.90    -23       
436.00    -49       
436.10    -32       
436.20    3         
436.30    35        
436.40    13        
436.50    -21       
436.60    -7        
436.70    29        
436.80    6         
436.90    -42       
437.00    -4        
437.10    13        
437.20    20        
437.30    39        
437.40    49        
437.50    -13       
437.60    16        
437.70    -57       
437.80    14        
437.90    -20       
438.00    -16       
438.10    -8        
438.20    -55       
438.30    -6        
438.40    39        
438.50    23        
438.60    36        
438.70    20        
438.80    -115      
438.90    -14       
439.00    -41       
439.10    -129      
439.20    -22       
439.30    -5        
439.40    -38       
439.50    47        
439.60    22        
439.70    76        
439.80    -18       
439.90    -83       
440.00    50        
440.10    -86       
440.20    -66       
440.30    33        
440.40    -68       
440.50    -21       
440.60    51        
440.70    26        
440.80    50        
440.90    2         
441.00    -12       
441.10    -6        
441.20    -38       
441.30    -48       
441.40    25        
441.50    34        
441.60    -33       
441.70    -62       
441.80    -63       
441.90    17        
442.00    6         
442.10    11        
442.20    -116      
442.30    -53       
442.40    -10       
442.50    0         
442.60    12        
442.70    -29       
442.80    39        
442.90    37        
443.00    -6        
443.10    36        
443.20    -5        
443.30    -7        
443.40    -56       
443.50    -21       
443.60    -1        
443.70    -71       
443.80    -16       
443.90    3         
444.00    46        
444.10    -2        
444.20    34        
444.30    19        
444.40    16        
444.50    -4        
444.60    7         
444.70    23        
444.80    -11       
444.90    33        
445.00    -28       
445.10    44        
445.20    -64       
445.30    20        
445.40    18        
445.50    -23       
445.60    -83       
445.70    -20       
445.80    -26       
445.90    22        
446.00    -7        
446.10    55        
446.20    35        
446.30    6         
446.40    18        
446.50    -26       
446.60    -37       
446.70    -88       
446.80    -48       
446.90    -103      
447.00    18        
447.10    -40       
447.20    4         
447.30    38        
447.40    26        
447.50    29        
447.60    34        
447.70    -54       
447.80    -44       
447.90    -69       
448.00    -11       
448.10    80        
448.20    19        
448.30    46        
448.40    70        
448.50    -1        
448.60    -1        
448.70    31        
448.80    28        
448.90    3         
449.00    -62       
449.10    -44       
449.20    37        
449.30    -7        
449.40    -9        
449.50    -4        
449.60    -31       
449.70    12        
449.80    43        
449.90    13        
450.00    -119      
450.10    -26       
450.20    -19       
450.30    -47       
450.40    -62       
450.50    58        
450.60    6         
450.70    -40       
450.80    -19       
450.90    32        
451.00    -7        
451.10    -86       
451.20    6         
451.30    35        
451.40    -28       
451.50    -40       
451.60    19        
451.70    33        
451.80    81        
451.90    -29       
452.00    -17       
452.10    -4        
452.20    -74       
452.30    -72       
452.40    -48       
452.50    -46       
452.60    -23       
452.70    46        
452.80    27        
452.90    12        
453.00    10        
453.10    36        
453.20    -41       
453.30    20        
453.40    32        
453.50    -5        
453.60    2         
453.70    -35       
453.80    -10       
453.90    -10       
454.00    48        
454.10    -116      
454.20    -26       
454.30    -48       
454.40    -60       
454.50    -29       
454.60    -33       
454.70    20        
454.80    39        
454.90    3         
455.00    -8        
455.10    52        
455.20    -6        
455.30    -20       
455.40    -49       
455.50    -6        
455.60    -75       
455.70    -13       
455.80    -41       
455.90    5         
456.00    11        
456.10    5         
456.20    -62       
456.30    -1        
456.40    -81       
456.50    34        
456.60    -180      
456.70    -31       
456.80    9         
456.90    -30       
457.00    -17       
457.10    -15       
457.20    31        
457.30    42        
457.40    31        
457.50    -24       
457.60    -54       
457.70    -40       
457.80    -74       
457.90    -61       
458.00    10        
458.10    1         
458.20    58        
458.30    4         
458.40    47        
458.50    12        
458.60    -15       
458.70    24        
458.80    -30       
458.90    -101      
459.00    4         
459.10    18        
459.20    -40       
459.30    18        
459.40    -53       
459.50    -20       
459.60    34        
459.70    -57       
459.80    -36       
459.90    -21       
460.00    -1        
460.10    16        
460.20    -8        
460.30    10        
460.40    -22       
460.50    9         
460.60    -11       
460.70    9         
460.80    -41       
460.90    -79       
461.00    -7        
461.10    10        
461.20    -9        
461.30    -14       
461.40    7         
461.50    19        
461.60    -64       
461.70    -3        
461.80    -11       
461.90    13        
462.00    -57       
462.10    -47       
462.20    -7        
462.30    -49       
462.40    -1        
462.50    -4        
462.60    23        
462.70    30        
462.80    5         
462.90    -23       
463.00    13        
463.10    26        
463.20    -25       
463.30    -50       
463.40    7         
463.50    -41       
463.60    17        
463.70    17        
463.80    54        
463.90    28        
464.00    1         
464.10    12        
464.20    -104      
464.30    -9        
464.40    -9        
464.50    -17       
464.60    15        
464.70    -149      
464.80    2         
464.90    20        
465.00    -2        
465.10    -1        
465.20    -8        
465.30    20        
465.40    -91       
465.50    -33       
465.60    -27       
465.70    -4        
465.80    17        
465.90    21        
466.00    2         
466.10    40        
466.20    4         
466.30    6         
466.40    -33       
466.50    -18       
466.60    -78       
466.70    -8        
466.80    33        
466.90    31        
467.00    45        
467.10    66        
467.20    24        
467.30    -60       
467.40    49        
467.50    5         
467.60    -59       
467.70    -29       
467.80    -6        
467.90    -52       
468.00    0         
468.10    58        
468.20    3         
468.30    -2        
468.40    23        
468.50    30        
468.60    -43       
468.70    -93       
468.80    -23       
468.90    -15       
469.00    3         
469.10    25        
469.20    -12       
469.30    24        
469.40    -72       
469.50    -14       
469.60    47        
469.70    -18       
469.80    2         
469.90    -36       
470.00    -76       
470.10    -16       
470.20    -12       
470.30    13        
470.40    7         
470.50    -58       
470.60    -64       
470.70    9         
470.80    3         
470.90    -78       
471.00    -18       
471.10    -198      
471.20    -24       
471.30    38        
471.40    3         
471.50    19        
471.60    -65       
471.70    -101      
471.80    27        
471.90    -38       
472.00    -60       
472.10    12        
472.20    -2        
472.30    -45       
472.40    62        
472.50    26        
472.60    -13       
472.70    21        
472.80    4         
472.90    16        
473.00    -65       
473.10    -25       
473.20    -32       
473.30    -30       
473.40    3         
473.50    20        
473.60    41        
473.70    54        
473.80    -22       
473.90    -44       
474.00    -166      
474.10    -5        
474.20    -21       
474.30    -60       
474.40    64        
474.50    13        
474.60    34        
474.70    3         
474.80    45        
474.90    13        
475.00    -15       
475.10    -27       
475.20    -60       
475.30    -29       
475.40    -9        
475.50    -1        
475.60    -10       
475.70    -50       
475.80    75        
475.90    15        
476.00    12        
476.10    -10       
476.20    -1        
476.30    -128      
476.40    -63       
476.50    6         
476.60    21        
476.70    -8        
476.80    -10       
476.90    3         
477.00    9         
477.10    18        
477.20    24        
477.30    -34       
477.40    -91       
477.50    -88       
477.60    -162      
477.70    23        
477.80    -113      
477.90    8         
478.00    34        
478.10    -74       
478.20    8         
478.30    -46       
478.40    -15       
478.50    -45       
478.60    11        
478.70    -15       
478.80    31        
478.90    40        
479.00    4         
479.10    50        
479.20    -18       
479.30    -19       
479.40    -27       
479.50    -74       
479.60    40        
479.70    -120      
479.80    -89       
479.90    -119      
480.00    23        
480.10    10        
480.20    -25       
480.30    23        
480.40    11        
480.50    0         
480.60    -44       
480.70    -130      
480.80    -53       
480.90    -3        
481.00    15        
481.10    -26       
481.20    28        
481.30    -66       
481.40    8         
481.50    21        
481.60    -67       
481.70    8         
481.80    -2        
481.90    17        
482.00    -19       
482.10    23        
482.20    58        
482.30    6         
482.40    35        
482.50    52        
482.60    21        
482.70    -87       
482.80    5         
482.90    0         
483.00    3         
483.10    -13       
483.20    -36       
483.30    54        
483.40    33        
483.50    21        
483.60    -13       
483.70    3         
483.80    13        
483.90    46        
484.00    -32       
484.10    -7        
484.20    -56       
484.30    -41       
484.40    10        
484.50    -126      
484.60    12        
484.70    33        
484.80    -20       
484.90    44        
485.00    -9        
485.10    -18       
485.20    -79       
485.30    -89       
485.40    -12       
485.50    68        
485.60    34        
485.70    25        
485.80    -8        
485.90    42        
486.00    22        
486.10    -2        
486.20    -55       
486.30    -19       
486.40    -5        
486.50    -60       
486.60    62        
486.70    -40       
486.80    25        
486.90    -9        
487.00    -34       
487.10    7         
487.20    -134      
487.30    -38       
487.40    63        
487.50    -30       
487.60    17        
487.70    25        
487.80    -3        
487.90    44        
488.00    29        
488.10    34        
488.20    25        
488.30    -11       
488.40    -92       
488.50    -17       
488.60    -2        
488.70    -18       
488.80    44        
488.90    -11       
489.00    29        
489.10    -34       
489.20    18        
489.30    -28       
489.40    -30       
489.50    -69       
489.60    -17       
489.70    22        
489.80    24        
489.90    77        
490.00    -21       
490.10    -29       
490.20    30        
490.30    -1        
490.40    -51       
490.50    -167      
490.60    -28       
490.70    10        
490.80    -13       
490.90    7         
491.00    48        
491.10    10        
491.20    -9        
491.30    -43       
491.40    -21       
491.50    5         
491.60    -20       
491.70    23        
491.80    -41       
491.90    10        
492.00    27        
492.10    51        
492.20    20        
492.30    34        
492.40    -30       
492.50    -2        
492.60    -33       
492.70    -39       
492.80    17        
492.90    -20       
493.00    -22       
493.10    3         
493.20    -46       
493.30    38        
493.40    45        
493.50    -38       
493.60    -32       
493.70    -62       
493.80    14        
493.90    -41       
494.00    -80       
494.10    10        
494.20    67        
494.30    54        
494.40    47        
494.50    -35       
494.60    -133      
494.70    40        
494.80    13        
494.90    -80       
495.00    -32       
495.10    -106      
495.20    5         
495.30    -3        
495.40    34        
495.50    39        
495.60    -66       
495.70    -35       
495.80    -87       
495.90    -141      
496.00    5         
496.10    -5        
496.20    -54       
496.30    -92       
496.40    15        
496.50    60        
496.60    -5        
496.70    -69       
496.80    -18       
496.90    19        
497.00    15        
497.10    -81       
497.20    13        
497.30    -42       
497.40    -8        
497.50    20        
497.60    -10       
497.70    25        
497.80    9         
497.90    9         
498.00    -10       
498.10    -32       
498.20    2         
498.30    -83       
498.40    -11       
498.50    -34       
498.60    38        
498.70    -6        
498.80    25        
498.90    6         
499.00    -66       
499.10    15        
499.20    -20       
499.30    -134      
499.40    34        
499.50    5         
499.60    0         
499.70    32        
499.80    66        
499.90    -38       
500.00    -2        
500.10    -38       
500.20    -44       
500.30    -112      
500.40    -17       
500.50    -89       
500.60    -29       
500.70    47        
500.80    -13       
500.90    7         
501.00    16        
501.10    28        
501.20    -27       
501.30    -95       
501.40    -30       
501.50    30        
501.60    -16       
501.70    -43       
501.80    53        
501.90    60        
502.00    66        
502.10    -13       
502.20    1         
502.30    -18       
502.40    -74       
502.50    -96       
502.60    -82       
502.70    5         
502.80    -29       
502.90    76        
503.00    49        
503.10    -13       
503.20    -34       
503.30    -130      
503.40    15        
503.50    -45       
503.60    -18       
503.70    24        
503.80    -25       
503.90    -29       
504.00    52        
504.10    48        
504.20    20        
504.30    -13       
504.40    -68       
504.50    21        
504.60    -23       
504.70    -13       
504.80    27        
504.90    -12       
505.00    3         
505.10    72        
505.20    21        
505.30    7         
505.40    12        
505.50    -89       
505.60    -22       
505.70    -19       
505.80    -3        
505.90    32        
506.00    -47       
506.10    12        
506.20    34        
506.30    22        
506.40    -5        
506.50    1         
506.60    33        
506.70    1         
506.80    -46       
506.90    -34       
507.00    -56       
507.10    53        
507.20    -19       
507.30    1         
507.40    -2        
507.50    64        
507.60    -42       
507.70    36        
507.80    13        
507.90    -24       
508.00    44        
508.10    -11       
508.20    -9        
508.30    38        
508.40    16        
508.50    -98       
508.60    28        
508.70    -41       
508.80    -73       
508.90    -15       
509.00    -39       
509.10    -41       
509.20    -7        
509.30    16        
509.40    2         
509.50    39        
509.60    53        
509.70    -49       
509.80    67        
509.90    48        
510.00    -43       
510.10    12        
510.20    36        
510.30    2         
510.40    -10       
510.50    -10       
510.60    -4        
510.70    -69       
510.80    -16       
510.90    -25       
511.00    -44       
511.10    -31       
511.20    -55       
511.30    -25       
511.40    20        
511.50    9         
511.60    41        
511.70    38        
511.80    40        
511.90    -30       
512.00    58        
512.10    4         
512.20    -42       
512.30    -142      
512.40    27        
512.50    -40       
512.60    8         
512.70    50        
512.80    23        
512.90    -54       
513.00    -7        
513.10    -25       
513.20    59        
513.30    -34       
513.40    -23       
513.50    -23       
513.60    -9        
513.70    17        
513.80    -33       
513.90    82        
514.00    14        
514.10    -50       
514.20    4         
514.30    -86       
514.40    -46       
514.50    -13       
514.60    -35       
514.70    2         
514.80    -20       
514.90    -36       
515.00    2         
515.10    52        
515.20    76        
515.30    -30       
515.40    -27       
515.50    -15       
515.60    -12       
515.70    -20       
515.80    2         
515.90    41        
516.00    -88       
516.10    64        
516.20    -4        
516.30    -34       
516.40    -47       
516.50    -5        
516.60    -139      
516.70    7         
516.80    23        
516.90    -10       
517.00    49        
517.10    67        
517.20    27        
517.30    -17       
517.40    -42       
517.50    43        
517.60    3         
517.70    -2        
517.80    37        
517.90    -62       
518.00    41        
518.10    56        
518.20    38        
518.30    -28       
518.40    21        
518.50    -17       
518.60    10        
518.70    -14       
518.80    -34       
518.90    7         
519.00    -51       
519.10    21        
519.20    33        
519.30    -31       
519.40    21        
519.50    -28       
519.60    -61       
519.70    22        
519.80    -20       
519.90    -15       
520.00    34        
520.10    -19       
520.20    -12       
520.30    20        
520.40    -5        
520.50    72        
520.60    -23       
520.70    -10       
520.80    33        
520.90    -108      
521.00    -74       
521.10    21        
521.20    2         
521.30    -2        
521.40    -45       
521.50    -42       
521.60    -101      
521.70    -55       
521.80    -22       
521.90    -57       
522.00    -130      
522.10    -57       
522.20    -42       
522.30    -71       
522.40    1         
522.50    17        
522.60    3         
522.70    0         
522.80    6         
522.90    2         
523.00    19        
523.10    -57       
523.20    21        
523.30    -26       
523.40    -79       
523.50    -54       
523.60    9         
523.70    -1        
523.80    -10       
523.90    -1        
524.00    -25       
524.10    -43       
524.20    -78       
524.30    24        
524.40    -59       
524.50    -22       
524.60    14        
524.70    -49       
524.80    46        
524.90    8         
525.00    -7        
525.10    9         
525.20    15        
525.30    -23       
525.40    17        
525.50    -6        
525.60    1         
525.70    -42       
525.80    61        
525.90    -32       
526.00    -37       
526.10    -14       
526.20    -67       
526.30    -79       
526.40    11        
526.50    0         
526.60    -197      
526.70    -54       
526.80    -7        
526.90    22        
527.00    13        
527.10    -23       
527.20    -1        
527.30    -13       
527.40    -18       
527.50    -45       
527.60    -43       
527.70    28        
527.80    14        
527.90    43        
528.00    25        
528.10    -72       
528.20    -56       
528.30    1         
528.40    -85       
528.50    37        
528.60    -4        
528.70    -26       
528.80    -51       
528.90    33        
529.00    39        
529.10    29        
529.20    -6        
529.30    -3        
529.40    4         
529.50    -67       
529.60    -85       
529.70    -28       
529.80    27        
529.90    42        
530.00    32        
530.10    -12       
530.20    16        
530.30    -6        
530.40    34        
530.50    17        
530.60    -1        
530.70    -20       
530.80    -44       
530.90    -37       
531.00    -64       
531.10    60        
531.20    55        
531.30    30        
531.40    -22       
531.50    -91       
531.60    -3        
531.70    -116      
531.80    48        
531.90    30        
532.00    -40       
532.10    -26       
532.20    30        
532.30    18        
532.40    10        
532.50    -39       
532.60    -9        
532.70    -65       
532.80    -168      
532.90    15        
533.00    25        
533.10    6         
533.20    22        
533.30    0         
533.40    -12       
533.50    23        
533.60    6         
533.70    22        
533.80    -65       
533.90    -31       
534.00    -116      
534.10    -3        
534.20    16        
534.30    74        
534.40    -33       
534.50    49        
534.60    -60       
534.70    -25       
534.80    31        
534.90    -13       
535.00    -120      
535.10    -4        
535.20    -33       
535.30    -78       
535.40    46        
535.50    39        
535.60    8         
535.70    -16       
535.80    9         
535.90    30        
536.00    -57       
536.10    -40       
536.20    -80       
536.30    24        
536.40    -65       
536.50    80        
536.60    71        
536.70    -68       
536.80    -32       
536.90    16        
537.00    15        
537.10    19        
537.20    -1        
537.30    17        
537.40    6         
537.50    15        
537.60    54        
537.70    13        
537.80    0         
537.90    6         
538.00    -17       
538.10    5         
538.20    -69       
538.30    -41       
538.40    -82       
538.50    -100      
538.60    -54       
538.70    78        
538.80    -6        
538.90    2         
539.00    31        
539.10    7         
539.20    9         
539.30    28        
539.40    -12       
539.50    14        
539.60    -26       
539.70    -19       
539.80    15        
539.90    37        
540.00    0         
540.10    -13       
540.20    -23       
540.30    -3        
540.40    -40       
540.50    -39       
540.60    -32       
540.70    -2        
540.80    9         
540.90    -71       
541.00    -8        
541.10    -4        
541.20    -42       
541.30    48        
541.40    -10       
541.50    -42       
541.60    10        
541.70    25        
541.80    2         
541.90    -39       
542.00    36        
542.10    -14       
542.20    -12       
542.30    -65       
542.40    -73       
542.50    -43       
542.60    6         
542.70    37        
542.80    -26       
542.90    3         
543.00    7         
543.10    80        
543.20    31        
543.30    -75       
543.40    -70       
543.50    -74       
543.60    -112      
543.70    28        
543.80    27        
543.90    -120      
544.00    11        
544.10    21        
544.20    -53       
544.30    -42       
544.40    -25       
544.50    -19       
544.60    -41       
544.70    -27       
544.80    -27       
544.90    -70       
545.00    -68       
545.10    89        
545.20    769       
545.30    960       
545.40    889       
545.50    119       
545.60    -40       
545.70    11        
545.80    -26       
545.90    31        
546.00    -53       
546.10    -23       
546.20    36        
546.30    -2        
546.40    21        
546.50    -29       
546.60    20        
546.70    30        
546.80    9         
546.90    -2        
547.00    46        
547.10    39        
547.20    -28       
547.30    -21       
547.40    53        
547.50    68        
547.60    7         
547.70    6         
547.80    -12       
547.90    30        
548.00    -45       
548.10    -9        
548.20    -132      
548.30    20        
548.40    11        
548.50    -20       
548.60    -25       
548.70    34        
548.80    -1        
548.90    -35       
549.00    -47       
549.10    -29       
549.20    -5        
549.30    32        
549.40    -28       
549.50    6         
549.60    53        
549.70    -96       
549.80    2         
549.90    -47       
550.00    -7        
550.10    42        
550.20    -59       
550.30    -76       
550.40    -22       
550.50    72        
550.60    38        
550.70    38        
550.80    -184      
550.90    4         
551.00    65        
551.10    -30       
551.20    -9        
551.30    -22       
551.40    14        
551.50    -24       
551.60    41        
551.70    35        
551.80    -3        
551.90    5         
552.00    -54       
552.10    -86       
552.20    -9        
552.30    20        
552.40    2         
552.50    -42       
552.60    -18       
552.70    26        
552.80    -19       
552.90    56        
553.00    -4        
553.10    30        
553.20    22        
553.30    -20       
553.40    12        
553.50    -37       
553.60    -57       
553.70    61        
553.80    33        
553.90    37        
554.00    -5        
554.10    -82       
554.20    32        
554.30    -45       
554.40    -59       
554.50    -24       
554.60    -19       
554.70    -20       
554.80    36        
554.90    -57       
555.00    -21       
555.10    22        
555.20    -59       
555.30    -40       
555.40    -37       
555.50    -25       
555.60    -13       
555.70    -15       
555.80    -11       
555.90    -1        
556.00    55        
556.10    15        
556.20    13        
556.30    -40       
556.40    -29       
556.50    -64       
556.60    0         
556.70    -14       
556.80    8         
556.90    11        
557.00    -20       
557.10    46        
557.20    -22       
557.30    -63       
557.40    -1        
557.50    -40       
557.60    -14       
557.70    -8        
557.80    -15       
557.90    38        
558.00    -15       
558.10    -12       
558.20    -64       
558.30    -40       
558.40    54        
558.50    -23       
558.60    -77       
558.70    -2        
558.80    21        
558.90    -22       
559.00    0         
559.10    36        
559.20    71        
559.30    50        
559.40    -93       
559.50    -16       
559.60    -58       
559.70    -90       
559.80    47        
559.90    26        
560.00    18        
560.10    -77       
560.20    19        
560.30    50        
560.40    13        
560.50    -16       
560.60    -15       
560.70    11        
560.80    -50       
560.90    -35       
561.00    -81       
561.10    -8        
561.20    -9        
561.30    -39       
561.40    -8        
561.50    30        
561.60    -2        
561.70    -18       
561.80    -8        
561.90    -117      
562.00    -33       
562.10    -16       
562.20    75        
562.30    39        
562.40    43        
562.50    -70       
562.60    -27       
562.70    35        
562.80    67        
562.90    -83       
563.00    -51       
563.10    -65       
563.20    -7        
563.30    -124      
563.40    74        
563.50    14        
563.60    -21       
563.70    6         
563.80    -29       
563.90    17        
564.00    -59       
564.10    -11       
564.20    14        
564.30    -44       
564.40    65        
564.50    7         
564.60    80        
564.70    59        
564.80    19        
564.90    4         
565.00    -86       
565.10    -113      
565.20    -47       
565.30    10        
565.40    14        
565.50    -9        
565.60    21        
565.70    -16       
565.80    11        
565.90    -59       
566.00    -20       
566.10    -50       
566.20    -58       
566.30    -81       
566.40    -3        
566.50    39        
566.60    12        
566.70    32        
566.80    7         
566.90    2         
567.00    -16       
567.10    -79       
567.20    -72       
567.30    17        
567.40    -22       
567.50    -4        
567.60    27        
567.70    7         
567.80    -3        
567.90    -65       
568.00    1         
568.10    -3        
568.20    5         
568.30    -12       
568.40    -72       
568.50    -6        
568.60    26        
568.70    -30       
568.80    18        
568.90    -37       
569.00    -12       
569.10    16        
569.20    -12       
569.30    -54       
569.40    -47       
569.50    -77       
569.60    -23       
569.70    -3        
569.80    31        
569.90    -46       
570.00    36        
570.10    -43       
570.20    -6        
570.30    -1        
570.40    -37       
570.50    -114      
570.60    -27       
570.70    1         
570.80    57        
570.90    27        
571.00    53        
571.10    23        
571.20    1         
571.30    15        
571.40    21        
571.50    -53       
571.60    -5        
571.70    15        
571.80    -47       
571.90    -32       
572.00    -43       
572.10    -92       
572.20    -24       
572.30    -61       
572.40    -74       
572.50    30        
572.60    -16       
572.70    -19       
572.80    1         
572.90    48        
573.00    9         
573.10    -70       
573.20    -33       
573.30    -50       
573.40    -37       
573.50    13        
573.60    -28       
573.70    17        
573.80    -28       
573.90    43        
574.00    9         
574.10    -65       
574.20    -40       
574.30    29        
574.40    -26       
574.50    -6        
574.60    -29       
574.70    -70       
574.80    -15       
574.90    4         
575.00    9         
575.10    -64       
575.20    17        
575.30    -70       
575.40    10        
575.50    29        
575.60    -66       
575.70    24        
575.80    -34       
575.90    -22       
576.00    26        
576.10    45        
576.20    35        
576.30    34        
576.40    -34       
576.50    34        
576.60    33        
576.70    8         
576.80    -7        
576.90    -58       
577.00    -12       
577.10    38        
577.20    -6        
577.30    36        
577.40    16        
577.50    33        
577.60    4         
577.70    -76       
577.80    11        
577.90    -26       
578.00    -32       
578.10    -7        
578.20    -8        
578.30    64        
578.40    106       
578.50    74        
578.60    2         
578.70    -39       
578.80    26        
578.90    -68       
579.00    -17       
579.10    3         
579.20    -7        
579.30    -25       
579.40    -22       
579.50    -8        
579.60    1         
579.70    18        
579.80    -45       
579.90    -107      
580.00    -2        
580.10    -9        
580.20    -11       
580.30    0         
580.40    28        
580.50    41        
580.60    27        
580.70    34        
580.80    -35       
580.90    -111      
581.00    -5        
581.10    36        
581.20    -24       
581.30    40        
581.40    -30       
581.50    -124      
581.60    10        
581.70    18        
581.80    38        
581.90    5         
582.00    -85       
582.10    -13       
582.20    -6        
582.30    -52       
582.40    28        
582.50    -20       
582.60    -38       
582.70    52        
582.80    23        
582.90    10        
583.00    1         
583.10    -62       
583.20    -127      
583.30    -192      
583.40    -5        
583.50    -25       
583.60    14        
583.70    -21       
583.80    -11       
583.90    45        
584.00    -72       
584.10    37        
584.20    22        
584.30    -55       
584.40    -134      
584.50    16        
584.60    -6        
584.70    -78       
584.80    34        
584.90    50        
585.00    25        
585.10    -28       
585.20    -14       
585.30    -14       
585.40    -53       
585.50    -49       
585.60    -89       
585.70    -92       
585.80    -40       
585.90    29        
586.00    -36       
586.10    -37       
586.20    -10       
586.30    -38       
586.40    16        
586.50    -37       
586.60    -107      
586.70    -152      
586.80    -23       
586.90    -77       
587.00    42        
587.10    22        
587.20    -9        
587.30    -23       
587.40    -34       
587.50    -20       
587.60    33        
587.70    36        
587.80    -30       
587.90    21        
588.00    21        
588.10    35        
588.20    51        
588.30    5         
588.40    -25       
588.50    -68       
588.60    -40       
588.70    -36       
588.80    20        
588.90    11        
589.00    28        
589.10    41        
589.20    28        
589.30    41        
589.40    31        
589.50    -43       
589.60    -124      
589.70    -4        
589.80    13        
589.90    -33       
590.00    -4        
590.10    -4        
590.20    -112      
590.30    18        
590.40    -48       
590.50    3         
590.60    19        
590.70    -53       
590.80    -71       
590.90    12        
591.00    -153      
591.10    27        
591.20    32        
591.30    5         
591.40    66        
591.50    -8        
591.60    -14       
591.70    30        
591.80    -41       
591.90    -108      
592.00    -97       
592.10    -7        
592.20    -5        
592.30    54        
592.40    1         
592.50    7         
592.60    -43       
592.70    29        
592.80    -33       
592.90    -12       
593.00    -84       
593.10    54        
593.20    -35       
593.30    50        
593.40    0         
593.50    31        
593.60    -48       
593.70    2         
593.80    -7        
593.90    -79       
594.00    -12       
594.10    -3        
594.20    36        
594.30    25        
594.40    -7        
594.50    24        
594.60    -16       
594.70    -104      
594.80    2         
594.90    26        
595.00    -102      
595.10    -151      
595.20    25        
595.30    -57       
595.40    48        
595.50    71        
595.60    7         
595.70    5         
595.80    -41       
595.90    -55       
596.00    -42       
596.10    -112      
596.20    -33       
596.30    -31       
596.40    -19       
596.50    -20       
596.60    23        
596.70    -15       
596.80    -42       
596.90    -125      
597.00    -103      
597.10    -93       
597.20    56        
597.30    31        
597.40    -8        
597.50    -17       
597.60    1         
597.70    48        
597.80    59        
597.90    -31       
598.00    26        
598.10    -27       
598.20    -64       
598.30    -76       
598.40    25        
598.50    -40       
598.60    5         
598.70    60        
598.80    -67       
598.90    11        
599.00    22        
599.10    20        
599.20    -83       
599.30    -63       
599.40    -2        
599.50    2         
599.60    -17       
599.70    10        
599.80    48        
599.90    20        
600.00    -32       
600.10    7         
600.20    -31       
600.30    6         
600.40    -37       
600.50    -24       
600.60    9         
600.70    -11       
600.80    7         
600.90    -62       
601.00    4         
601.10    -5        
601.20    -71       
601.30    -35       
601.40    -121      
601.50    24        
601.60    9         
601.70    2         
601.80    53        
601.90    28        
602.00    43        
602.10    -14       
602.20    -37       
602.30    19        
602.40    -122      
602.50    -57       
602.60    -14       
602.70    -24       
602.80    -99       
602.90    75        
603.00    77        
603.10    35        
603.20    -32       
603.30    -15       
603.40    -2        
603.50    -136      
603.60    16        
603.70    16        
603.80    -64       
603.90    48        
604.00    -47       
604.10    50        
604.20    5         
604.30    -31       
604.40    4         
604.50    -78       
604.60    8         
604.70    -12       
604.80    -36       
604.90    -4        
605.00    51        
605.10    47        
605.20    19        
605.30    -27       
605.40    -139      
605.50    -31       
605.60    -64       
605.70    -85       
605.80    -56       
605.90    -50       
606.00    5         
606.10    30        
606.20    -51       
606.30    35        
606.40    -40       
606.50    28        
606.60    -11       
606.70    0         
606.80    -51       
606.90    -4        
607.00    -17       
607.10    -7        
607.20    -52       
607.30    16        
607.40    -11       
607.50    42        
607.60    4         
607.70    -73       
607.80    -51       
607.90    -24       
608.00    -24       
608.10    -15       
608.20    28        
608.30    -13       
608.40    -18       
608.50    -59       
608.60    9         
608.70    22        
608.80    -6        
608.90    -8        
609.00    24        
609.10    43        
609.20    -13       
609.30    9         
609.40    15        
609.50    21        
609.60    -28       
609.70    37        
609.80    -17       
609.90    -46       
610.00    -15       
610.10    -104      
610.20    -45       
610.30    3         
610.40    -102      
610.50    54        
610.60    68        
610.70    -73       
610.80    -12       
610.90    4         
611.00    -31       
611.10    53        
611.20    -29       
611.30    11        
611.40    -7        
611.50    -47       
611.60    0         
611.70    24        
611.80    -40       
611.90    29        
612.00    -60       
612.10    23        
612.20    -32       
612.30    29        
612.40    -27       
612.50    -26       
612.60    2         
612.70    -1        
612.80    -66       
612.90    -9        
613.00    -56       
613.10    -55       
613.20    61        
613.30    -5        
613.40    9         
613.50    33        
613.60    45        
613.70    0         
613.80    -11       
613.90    0         
614.00    -5        
614.10    12        
614.20    -14       
614.30    -21       
614.40    -76       
614.50    14        
614.60    -26       
614.70    41        
614.80    2         
614.90    -19       
615.00    -31       
615.10    -86       
615.20    -11       
615.30    35        
615.40    -6        
615.50    -11       
615.60    -53       
615.70    -50       
615.80    58        
615.90    -46       
616.00    -53       
616.10    24        
616.20    -95       
616.30    -68       
616.40    22        
616.50    -96       
616.60    3         
616.70    -10       
616.80    50        
616.90    25        
617.00    10        
617.10    -50       
617.20    -56       
617.30    -21       
617.40    8         
617.50    -36       
617.60    17        
617.70    35        
617.80    20        
617.90    38        
618.00    59        
618.10    34        
618.20    -42       
618.30    19        
618.40    -55       
618.50    35        
618.60    11        
618.70    -59       
618.80    -26       
618.90    36        
619.00    28        
619.10    -17       
619.20    -125      
619.30    0         
619.40    -65       
619.50    -49       
619.60    -31       
619.70    -96       
619.80    24        
619.90    -27       
620.00    77        
620.10    5         
620.20    33        
620.30    4         
620.40    -18       
620.50    -50       
620.60    19        
620.70    -79       
620.80    40        
620.90    53        
621.00    28        
621.10    -26       
621.20    11        
621.30    5         
621.40    20        
621.50    -10       
621.60    -19       
621.70    4         
621.80    -46       
621.90    26        
622.00    34        
622.10    16        
622.20    14        
622.30    -74       
622.40    30        
622.50    -42       
622.60    -37       
622.70    -30       
622.80    -5        
622.90    -10       
623.00    -19       
623.10    1         
623.20    5         
623.30    24        
623.40    1         
623.50    -1        
623.60    -54       
623.70    -35       
623.80    -4        
623.90    -35       
624.00    -27       
624.10    25        
624.20    12        
624.30    15        
624.40    18        
624.50    18        
624.60    -31       
624.70    -104      
624.80    7         
624.90    -49       
625.00    2         
625.10    56        
625.20    66        
625.30    15        
625.40    -51       
625.50    -20       
625.60    54        
625.70    -79       
625.80    -38       
625.90    -36       
626.00    -8        
626.10    -23       
626.20    24        
626.30    -9        
626.40    -49       
626.50    -43       
626.60    17        
626.70    -88       
626.80    -15       
626.90    -35       
627.00    -58       
627.10    -53       
627.20    -3        
627.30    -7        
627.40    45        
627.50    1         
627.60    -7        
627.70    -148      
627.80    -1        
627.90    -15       
628.00    -146      
628.10    -28       
628.20    25        
628.30    -10       
628.40    67        
628.50    11        
628.60    12        
628.70    37        
628.80    -33       
628.90    -49       
629.00    30        
629.10    -19       
629.20    -26       
629.30    30        
629.40    39        
629.50    2         
629.60    -72       
629.70    29        
629.80    0         
629.90    -6        
630.00    -147      
630.10    18        
630.20    -53       
630.30    -24       
630.40    8         
630.50    -2        
630.60    33        
630.70    -28       
630.80    8         
630.90    -11       
631.00    -22       
631.10    -42       
631.20    -62       
631.30    -130      
631.40    25        
631.50    -13       
631.60    -22       
631.70    -3        
631.80    33        
631.90    31        
632.00    -2        
632.10    -35       
632.20    -92       
632.30    5         
632.40    22        
632.50    60        
632.60    -17       
632.70    60        
632.80    -54       
632.90    -21       
633.00    -53       
633.10    -34       
633.20    -18       
633.30    -46       
633.40    -3        
633.50    39        
633.60    10        
633.70    9         
633.80    23        
633.90    27        
634.00    0         
634.10    -36       
634.20    -14       
634.30    -30       
634.40    -91       
634.50    2         
634.60    32        
634.70    34        
634.80    45        
634.90    -19       
635.00    21        
635.10    36        
635.20    -83       
635.30    38        
635.40    29        
635.50    5         
635.60    9         
635.70    46        
635.80    57        
635.90    30        
636.00    22        
636.10    -66       
636.20    -2        
636.30    -19       
636.40    -52       
636.50    -34       
636.60    5         
636.70    8         
636.80    12        
636.90    39        
637.00    34        
637.10    -36       
637.20    -7        
637.30    -41       
637.40    -53       
637.50    -13       
637.60    11        
637.70    21        
637.80    35        
637.90    -16       
638.00    26        
638.10    -31       
638.20    -71       
638.30    -81       
638.40    -90       
638.50    39        
638.60    -27       
638.70    -151      
638.80    36        
638.90    19        
639.00    13        
639.10    11        
639.20    17        
639.30    -9        
639.40    -64       
639.50    -14       
639.60    20        
639.70    -101      
639.80    -22       
639.90    38        
640.00    31        
640.10    37        
640.20    1         
640.30    17        
640.40    -57       
640.50    -65       
640.60    -30       
640.70    -27       
640.80    18        
640.90    77        
641.00    33        
641.10    -23       
641.20    -56       
641.30    -206      
641.40    -29       
641.50    -58       
641.60    -39       
641.70    7         
641.80    -7        
641.90    19        
642.00    100       
642.10    -44       
642.20    -15       
642.30    -47       
642.40    -31       
642.50    -53       
642.60    -88       
642.70    -32       
642.80    24        
642.90    -22       
643.00    -44       
643.10    -10       
643.20    20        
643.30    29        
643.40    -70       
643.50    -8        
643.60    -104      
643.70    22        
643.80    31        
643.90    -25       
644.00    -9        
644.10    11        
644.20    24        
644.30    -67       
644.40    8         
644.50    -100      
644.60    -64       
644.70    -24       
644.80    15        
644.90    -73       
645.00    -36       
645.10    -24       
645.20    44        
645.30    -16       
645.40    -8        
645.50    -59       
645.60    -14       
645.70    -10       
645.80    -47       
645.90    -4        
646.00    -9        
646.10    12        
646.20    -9        
646.30    -9        
646.40    -43       
646.50    -81       
646.60    -45       
646.70    32        
646.80    -71       
646.90    5         
647.00    -31       
647.10    -16       
647.20    12        
647.30    -51       
647.40    67        
647.50    -101      
647.60    -1        
647.70    -44       
647.80    -61       
647.90    -19       
648.00    44        
648.10    -37       
648.20    46        
648.30    19        
648.40    -10       
648.50    17        
648.60    -107      
648.70    23        
648.80    -38       
648.90    -97       
649.00    0         
649.10    -19       
649.20    10        
649.30    58        
649.40    37        
649.50    6         
649.60    -18       
649.70    -10       
649.80    -15       
649.90    3         
650.00    -80       
650.10    7         
650.20    -57       
650.30    24        
650.40    56        
650.50    32        
650.60    8         
650.70    -5        
650.80    11        
650.90    -92       
651.00    28        
651.10    -10       
651.20    36        
651.30    -8        
651.40    44        
651.50    6         
651.60    17        
651.70    -20       
651.80    -15       
651.90    -34       
652.00    -125      
652.10    5         
652.20    -34       
652.30    23        
652.40    -44       
652.50    45        
652.60    54        
652.70    -45       
652.80    2         
652.90    16        
653.00    -101      
653.10    -4        
653.20    -43       
653.30    14        
653.40    8         
653.50    36        
653.60    62        
653.70    12        
653.80    -4        
653.90    21        
654.00    26        
654.10    -24       
654.20    -29       
654.30    -19       
654.40    -25       
654.50    -10       
654.60    24        
654.70    44        
654.80    -30       
654.90    -7        
655.00    23        
655.10    18        
655.20    -24       
655.30    -19       
655.40    -96       
655.50    -29       
655.60    40        
655.70    -19       
655.80    51        
655.90    -15       
656.00    -66       
656.10    -82       
656.20    -69       
656.30    -42       
656.40    -32       
656.50    -62       
656.60    19        
656.70    13        
656.80    34        
656.90    48        
657.00    32        
657.10    0         
657.20    -116      
657.30    -25       
657.40    -20       
657.50    29        
657.60    20        
657.70    30        
657.80    15        
657.90    52        
658.00    -79       
658.10    -33       
658.20    -21       
658.30    -4        
658.40    -46       
658.50    40        
658.60    -9        
658.70    -32       
658.80    35        
658.90    8         
659.00    55        
659.10    -22       
659.20    -59       
659.30    -10       
659.40    -16       
659.50    -14       
659.60    11        
659.70    -62       
659.80    43        
659.90    -12       
660.00    -18       
660.10    11        
660.20    8         
660.30    -24       
660.40    14        
660.50    -5        
660.60    -34       
660.70    -10       
660.80    38        
660.90    -20       
661.00    -9        
661.10    1         
661.20    -34       
661.30    -25       
661.40    -80       
661.50    45        
661.60    14        
661.70    -40       
661.80    -61       
661.90    43        
662.00    33        
662.10    13        
662.20    -12       
662.30    0         
662.40    -11       
662.50    2         
662.60    -36       
662.70    -9        
662.80    -39       
662.90    21        
663.00    -41       
663.10    5         
663.20    -131      
663.30    -7        
663.40    -38       
663.50    8         
663.60    26        
663.70    -59       
663.80    -79       
663.90    -86       
664.00    59        
664.10    40        
664.20    25        
664.30    -11       
664.40    -4        
664.50    -42       
664.60    1         
664.70    7         
664.80    23        
664.90    28        
665.00    9         
665.10    40        
665.20    17        
665.30    -121      
665.40    -2        
665.50    -36       
665.60    42        
665.70    -46       
665.80    -17       
665.90    5         
666.00    -91       
666.10    -15       
666.20    34        
666.30    -18       
666.40    77        
666.50    59        
666.60    -77       
666.70    16        
666.80    -43       
666.90    26        
667.00    12        
667.10    66        
667.20    75        
667.30    23        
667.40    18        
667.50    -25       
667.60    -75       
667.70    -53       
667.80    -115      
667.90    -44       
668.00    -97       
668.10    19        
668.20    -24       
668.30    29        
668.40    21        
668.50    17        
668.60    47        
668.70    -32       
668.80    -52       
668.90    24        
669.00    -8        
669.10    -85       
669.20    17        
669.30    19        
669.40    31        
669.50    41        
669.60    -14       
669.70    -78       
669.80    -44       
669.90    -36       
670.00    -18       
670.10    -67       
670.20    14        
670.30    38        
670.40    -14       
670.50    11        
670.60    -67       
670.70    20        
670.80    9         
670.90    -40       
671.00    1         
671.10    -40       
671.20    -86       
671.30    57        
671.40    -13       
671.50    36        
671.60    -85       
671.70    -24       
671.80    -11       
671.90    -74       
672.00    -8        
672.10    -19       
672.20    9         
672.30    51        
672.40    -90       
672.50    -3        
672.60    9         
672.70    -12       
672.80    -34       
672.90    -86       
673.00    -55       
673.10    -73       
673.20    21        
673.30    19        
673.40    39        
673.50    25        
673.60    5         
673.70    0         
673.80    -34       
673.90    -40       
674.00    54        
674.10    53        
674.20    -57       
674.30    14        
674.40    3         
674.50    14        
674.60    80        
674.70    -36       
674.80    -12       
674.90    -64       
675.00    -83       
675.10    10        
675.20    18        
675.30    -37       
675.40    37        
675.50    49        
675.60    38        
675.70    -41       
675.80    10        
675.90    21        
676.00    -48       
676.10    -23       
676.20    -55       
676.30    51        
676.40    -53       
676.50    43        
676.60    56        
676.70    -19       
676.80    -17       
676.90    -113      
677.00    -34       
677.10    -33       
677.20    -16       
677.30    21        
677.40    -104      
677.50    26        
677.60    16        
677.70    21        
677.80    -40       
677.90    -51       
678.00    -46       
678.10    -50       
678.20    -63       
678.30    -11       
678.40    14        
678.50    -1        
678.60    6         
678.70    9         
678.80    -77       
678.90    2         
679.00    18        
679.10    -97       
679.20    -13       
679.30    -11       
679.40    -23       
679.50    -94       
679.60    -8        
679.70    44        
679.80    24        
679.90    -31       
680.00    26        
680.10    -1        
680.20    -50       
680.30    -79       
680.40    -2        
680.50    -4        
680.60    -4        
680.70    -35       
680.80    -96       
680.90    -40       
681.00    -11       
681.10    -19       
681.20    -11       
681.30    -55       
681.40    26        
681.50    -33       
681.60    31        
681.70    47        
681.80    11        
681.90    -20       
682.00    -69       
682.10    -73       
682.20    -15       
682.30    -61       
682.40    -25       
682.50    15        
682.60    -54       
682.70    39        
682.80    -30       
682.90    -7        
683.00    -41       
683.10    16        
683.20    -19       
683.30    -9        
683.40    -59       
683.50    6         
683.60    -42       
683.70    -35       
683.80    -3        
683.90    36        
684.00    23        
684.10    19        
684.20    -32       
684.30    -80       
684.40    -38       
684.50    46        
684.60    -13       
684.70    22        
684.80    21        
684.90    36        
685.00    16        
685.10    16        
685.20    -20       
685.30    -88       
685.40    -3        
685.50    -8        
685.60    -77       
685.70    -17       
685.80    26        
685.90    -25       
686.00    -27       
686.10    -4        
686.20    15        
686.30    -21       
686.40    -137      
686.50    17        
686.60    -25       
686.70    34        
686.80    -2        
686.90    46        
687.00    37        
687.10    -31       
687.20    20        
687.30    -1        
687.40    -98       
687.50    -83       
687.60    35        
687.70    7         
687.80    -97       
687.90    -25       
688.00    48        
688.10    -10       
688.20    16        
688.30    13        
688.40    10        
688.50    -44       
688.60    -23       
688.70    9         
688.80    -47       
688.90    37        
689.00    7         
689.10    47        
689.20    -21       
689.30    -5        
689.40    -33       
689.50    -37       
689.60    -57       
689.70    18        
689.80    -18       
689.90    -32       
690.00    23        
690.10    32        
690.20    15        
690.30    -45       
690.40    15        
690.50    -9        
690.60    -96       
690.70    12        
690.80    36        
690.90    -4        
691.00    54        
691.10    1         
691.20    -10       
691.30    -29       
691.40    40        
691.50    40        
691.60    -12       
691.70    -7        
691.80    -9        
691.90    32        
692.00    -6        
692.10    46        
692.20    49        
692.30    23        
692.40    -38       
692.50    -10       
692.60    -81       
692.70    -53       
692.80    -27       
692.90    -110      
693.00    -13       
693.10    -4        
693.20    12        
693.30    31        
693.40    47        
693.50    -13       
693.60    -51       
693.70    -46       
693.80    -34       
693.90    -59       
694.00    21        
694.10    25        
694.20    39        
694.30    54        
694.40    -76       
694.50    -6        
694.60    -34       
694.70    -6        
694.80    1         
694.90    3         
695.00    -17       
695.10    10        
695.20    -7        
695.30    -40       
695.40    -25       
695.50    -47       
695.60    -32       
695.70    -200      
695.80    -44       
695.90    38        
696.00    -10       
696.10    -50       
696.20    0         
696.30    -6        
696.40    17        
696.50    -5        
696.60    11        
696.70    -47       
696.80    -46       
696.90    7         
697.00    3         
697.10    -51       
697.20    9         
697.30    51        
697.40    14        
697.50    -45       
697.60    49        
697.70    -37       
697.80    -70       
697.90    7         
698.00    10        
698.10    -7        
698.20    5         
698.30    -28       
698.40    -57       
698.50    -71       
698.60    23        
698.70    -11       
698.80    -23       
698.90    -120      
699.00    12        
699.10    -126      
699.20    18        
699.30    -27       
699.40    -67       
699.50    44        
699.60    7         
699.70    -45       
699.80    24        
699.90    -43       
700.00    -55       
