曲线1               
波长      数值      
300.00    -127      
300.20    -27       
300.40    -6        
300.60    36        
300.80    -91       
301.00    -80       
301.20    -42       
301.40    17        
301.60    -5        
301.80    41        
302.00    -26       
302.20    37        
302.40    9         
302.60    14        
302.80    6         
303.00    -4        
303.20    -7        
303.40    -78       
303.60    22        
303.80    22        
304.00    1         
304.20    -12       
304.40    33        
304.60    -28       
304.80    -3        
305.00    -28       
305.20    27        
305.40    -56       
305.60    -101      
305.80    -57       
306.00    -11       
306.20    24        
306.40    -25       
306.60    -3        
306.80    -37       
307.00    -60       
307.20    37        
307.40    20        
307.60    -64       
307.80    -110      
308.00    6         
308.20    -42       
308.40    38        
308.60    22        
308.80    28        
309.00    -25       
309.20    -110      
309.40    18        
309.60    23        
309.80    -42       
310.00    25        
310.20    -15       
310.40    -76       
310.60    64        
310.80    61        
311.00    -15       
311.20    20        
311.40    -25       
311.60    -22       
311.80    21        
312.00    -20       
312.20    -8        
312.40    -26       
312.60    -45       
312.80    2         
313.00    48        
313.20    -47       
313.40    -15       
313.60    34        
313.80    -8        
314.00    20        
314.20    -9        
314.40    53        
314.60    15        
314.80    -31       
315.00    8         
315.20    25        
315.40    5         
315.60    -9        
315.80    21        
316.00    -13       
316.20    62        
316.40    15        
316.60    -11       
316.80    -23       
317.00    -19       
317.20    -10       
317.40    27        
317.60    -26       
317.80    40        
318.00    -96       
318.20    -15       
318.40    33        
318.60    17        
318.80    -88       
319.00    -25       
319.20    -6        
319.40    41        
319.60    -28       
319.80    19        
320.00    -6        
320.20    -32       
320.40    10        
320.60    2         
320.80    -88       
321.00    -25       
321.20    -6        
321.40    6         
321.60    -9        
321.80    17        
322.00    54        
322.20    -28       
322.40    26        
322.60    -24       
322.80    -40       
323.00    45        
323.20    9         
323.40    -4        
323.60    -111      
323.80    -54       
324.00    -21       
324.20    46        
324.40    -23       
324.60    8         
324.80    -1        
325.00    -41       
325.20    42        
325.40    16        
325.60    10        
325.80    46        
326.00    -39       
326.20    -16       
326.40    -36       
326.60    35        
326.80    18        
327.00    -90       
327.20    14        
327.40    29        
327.60    -24       
327.80    -20       
328.00    -27       
328.20    49        
328.40    -65       
328.60    60        
328.80    -23       
329.00    -70       
329.20    -58       
329.40    -53       
329.60    12        
329.80    28        
330.00    55        
330.20    11        
330.40    -26       
330.60    -55       
330.80    7         
331.00    -3        
331.20    -35       
331.40    10        
331.60    8         
331.80    -61       
332.00    41        
332.20    -92       
332.40    -94       
332.60    -1        
332.80    -62       
333.00    22        
333.20    34        
333.40    0         
333.60    -7        
333.80    11        
334.00    -11       
334.20    47        
334.40    -89       
334.60    -23       
334.80    -43       
335.00    -11       
335.20    -2        
335.40    -2        
335.60    -21       
335.80    -104      
336.00    -22       
336.20    -15       
336.40    26        
336.60    35        
336.80    26        
337.00    -89       
337.20    -78       
337.40    64        
337.60    -37       
337.80    31        
338.00    41        
338.20    -109      
338.40    -22       
338.60    3         
338.80    19        
339.00    24        
339.20    -52       
339.40    -10       
339.60    -46       
339.80    -71       
340.00    9         
340.20    10        
340.40    -25       
340.60    -19       
340.80    67        
341.00    -31       
341.20    -32       
341.40    -8        
341.60    -8        
341.80    -70       
342.00    28        
342.20    -112      
342.40    -55       
342.60    -13       
342.80    -24       
343.00    -7        
343.20    -12       
343.40    -31       
343.60    -5        
343.80    -70       
344.00    17        
344.20    6         
344.40    37        
344.60    -11       
344.80    37        
345.00    -33       
345.20    -7        
345.40    60        
345.60    -37       
345.80    -20       
346.00    -22       
346.20    -4        
346.40    53        
346.60    10        
346.80    -21       
347.00    -45       
347.20    -9        
347.40    -53       
347.60    61        
347.80    -8        
348.00    37        
348.20    -40       
348.40    -34       
348.60    -19       
348.80    -17       
349.00    -42       
349.20    -31       
349.40    7         
349.60    -18       
349.80    12        
350.00    14        
350.20    50        
350.40    12        
350.60    -16       
350.80    9         
351.00    6         
351.20    37        
351.40    -16       
351.60    -12       
351.80    -14       
352.00    41        
352.20    -104      
352.40    1         
352.60    -29       
352.80    -10       
353.00    -24       
353.20    -11       
353.40    -39       
353.60    -83       
353.80    -8        
354.00    -38       
354.20    41        
354.40    21        
354.60    -90       
354.80    -33       
355.00    64        
355.20    -81       
355.40    30        
355.60    -17       
355.80    -21       
356.00    -103      
356.20    12        
356.40    1         
356.60    -15       
356.80    -9        
357.00    34        
357.20    -14       
357.40    42        
357.60    10        
357.80    5         
358.00    -9        
358.20    -52       
358.40    19        
358.60    45        
358.80    -59       
359.00    26        
359.20    -3        
359.40    -2        
359.60    -55       
359.80    1         
360.00    33        
360.20    58        
360.40    -96       
360.60    -68       
360.80    9         
361.00    48        
361.20    -32       
361.40    22        
361.60    -75       
361.80    -112      
362.00    47        
362.20    -25       
362.40    -15       
362.60    -82       
362.80    -19       
363.00    -69       
363.20    35        
363.40    42        
363.60    17        
363.80    -156      
364.00    14        
364.20    69        
364.40    24        
364.60    1307      
364.80    -50       
365.00    773       
365.20    60        
365.40    -33       
365.60    26        
365.80    196       
366.00    52        
366.20    5         
366.40    7         
366.60    18        
366.80    59        
367.00    -50       
367.20    -43       
367.40    0         
367.60    -23       
367.80    -33       
368.00    -19       
368.20    -8        
368.40    5         
368.60    -71       
368.80    -15       
369.00    -6        
369.20    -14       
369.40    -46       
369.60    -34       
369.80    -12       
370.00    -5        
370.20    -37       
370.40    -38       
370.60    26        
370.80    -26       
371.00    39        
371.20    17        
371.40    -2        
371.60    -61       
371.80    35        
372.00    -12       
372.20    40        
372.40    0         
372.60    1         
372.80    -28       
373.00    36        
373.20    14        
373.40    -4        
373.60    38        
373.80    -140      
374.00    8         
374.20    -9        
374.40    0         
374.60    7         
374.80    -3        
375.00    2         
375.20    -11       
375.40    17        
375.60    38        
375.80    -21       
376.00    -6        
376.20    -15       
376.40    -37       
376.60    46        
376.80    16        
377.00    33        
377.20    -61       
377.40    60        
377.60    7         
377.80    17        
378.00    -126      
378.20    -47       
378.40    -38       
378.60    5         
378.80    41        
379.00    19        
379.20    -5        
379.40    -76       
379.60    -42       
379.80    21        
380.00    39        
380.20    -55       
380.40    -47       
380.60    -27       
380.80    -43       
381.00    -3        
381.20    44        
381.40    -21       
381.60    -61       
381.80    3         
382.00    36        
382.20    32        
382.40    -55       
382.60    13        
382.80    -15       
383.00    27        
383.20    19        
383.40    -50       
383.60    -4        
383.80    -53       
384.00    -78       
384.20    48        
384.40    57        
384.60    17        
384.80    30        
385.00    4         
385.20    -54       
385.40    -2        
385.60    24        
385.80    -65       
386.00    -71       
386.20    65        
386.40    -79       
386.60    -46       
386.80    -85       
387.00    10        
387.20    -50       
387.40    9         
387.60    38        
387.80    40        
388.00    -110      
388.20    -154      
388.40    40        
388.60    29        
388.80    23        
389.00    50        
389.20    -49       
389.40    0         
389.60    8         
389.80    44        
390.00    -7        
390.20    -3        
390.40    -55       
390.60    4         
390.80    26        
391.00    3         
391.20    -63       
391.40    16        
391.60    -35       
391.80    29        
392.00    1         
392.20    45        
392.40    -28       
392.60    -11       
392.80    -142      
393.00    5         
393.20    -26       
393.40    31        
393.60    20        
393.80    -44       
394.00    -40       
394.20    0         
394.40    20        
394.60    -79       
394.80    -88       
395.00    -73       
395.20    21        
395.40    41        
395.60    35        
395.80    23        
396.00    37        
396.20    -49       
396.40    -81       
396.60    16        
396.80    12        
397.00    28        
397.20    -112      
397.40    -62       
397.60    53        
397.80    -89       
398.00    -15       
398.20    -26       
398.40    -12       
398.60    -39       
398.80    33        
399.00    -91       
399.20    -42       
399.40    -28       
399.60    -70       
399.80    12        
400.00    22        
400.20    -20       
400.40    -52       
400.60    26        
400.80    30        
401.00    42        
401.20    -28       
401.40    -54       
401.60    -13       
401.80    -41       
402.00    18        
402.20    27        
402.40    -20       
402.60    -63       
402.80    -28       
403.00    -44       
403.20    49        
403.40    -9        
403.60    -49       
403.80    -20       
404.00    3702      
404.20    810       
404.40    -46       
404.60    10        
404.80    -3        
405.00    -107      
405.20    -14       
405.40    13        
405.60    -42       
405.80    27        
406.00    -19       
406.20    -44       
406.40    3         
406.60    23        
406.80    -13       
407.00    1         
407.20    806       
407.40    30        
407.60    31        
407.80    49        
408.00    -30       
408.20    -12       
408.40    -49       
408.60    48        
408.80    -17       
409.00    53        
409.20    -68       
409.40    16        
409.60    -1        
409.80    -6        
410.00    -10       
410.20    -18       
410.40    -13       
410.60    45        
410.80    32        
411.00    -16       
411.20    -5        
411.40    -135      
411.60    -82       
411.80    3         
412.00    13        
412.20    24        
412.40    12        
412.60    -32       
412.80    0         
413.00    13        
413.20    42        
413.40    -11       
413.60    -37       
413.80    26        
414.00    15        
414.20    42        
414.40    1         
414.60    -12       
414.80    27        
415.00    34        
415.20    23        
415.40    -5        
415.60    -14       
415.80    25        
416.00    -7        
416.20    5         
416.40    69        
416.60    9         
416.80    -26       
417.00    -110      
417.20    -60       
417.40    37        
417.60    1         
417.80    28        
418.00    -86       
418.20    10        
418.40    -48       
418.60    26        
418.80    31        
419.00    -21       
419.20    0         
419.40    -7        
419.60    -13       
419.80    -84       
420.00    -49       
420.20    -33       
420.40    -29       
420.60    -10       
420.80    -62       
421.00    -26       
421.20    8         
421.40    -37       
421.60    -2        
421.80    19        
422.00    15        
422.20    -76       
422.40    -81       
422.60    -8        
422.80    -10       
423.00    -2        
423.20    -5        
423.40    38        
423.60    -180      
423.80    7         
424.00    12        
424.20    18        
424.40    24        
424.60    1         
424.80    4         
425.00    36        
425.20    0         
425.40    52        
425.60    30        
425.80    -63       
426.00    5         
426.20    -3        
426.40    14        
426.60    12        
426.80    -1        
427.00    -18       
427.20    -35       
427.40    12        
427.60    35        
427.80    6         
428.00    -265      
428.20    21        
428.40    36        
428.60    20        
428.80    -107      
429.00    4         
429.20    -4        
429.40    -62       
429.60    39        
429.80    34        
430.00    -45       
430.20    -28       
430.40    -7        
430.60    3         
430.80    28        
431.00    12        
431.20    0         
431.40    -59       
431.60    21        
431.80    30        
432.00    14        
432.20    -92       
432.40    -43       
432.60    -29       
432.80    -18       
433.00    76        
433.20    19        
433.40    62        
433.60    -39       
433.80    -15       
434.00    -3        
434.20    54        
434.40    -33       
434.60    -106      
434.80    24        
435.00    41        
435.20    3832      
435.40    998       
435.60    31        
435.80    -54       
436.00    21        
436.20    16        
436.40    37        
436.60    -23       
436.80    -24       
437.00    8         
437.20    -45       
437.40    -43       
437.60    -16       
437.80    -1        
438.00    -84       
438.20    -35       
438.40    -15       
438.60    9         
438.80    10        
439.00    -9        
439.20    -8        
439.40    11        
439.60    10        
439.80    -76       
440.00    5         
440.20    -145      
440.40    -28       
440.60    41        
440.80    -1        
441.00    -41       
441.20    2         
441.40    -89       
441.60    7         
441.80    40        
442.00    -83       
442.20    -40       
442.40    -16       
442.60    -25       
442.80    38        
443.00    8         
443.20    -23       
443.40    9         
443.60    -43       
443.80    -51       
444.00    -25       
444.20    -23       
444.40    31        
444.60    -53       
444.80    -23       
445.00    50        
445.20    -86       
445.40    -93       
445.60    -78       
445.80    -136      
446.00    -153      
446.20    -5        
446.40    -53       
446.60    17        
446.80    14        
447.00    -28       
447.20    19        
447.40    18        
447.60    -159      
447.80    -46       
448.00    -1        
448.20    -4        
448.40    54        
448.60    -71       
448.80    -3        
449.00    -14       
449.20    -15       
449.40    -7        
449.60    65        
449.80    -109      
450.00    -25       
450.20    -71       
450.40    -26       
450.60    13        
450.80    55        
451.00    -39       
451.20    -45       
451.40    6         
451.60    26        
451.80    -28       
452.00    5         
452.20    -45       
452.40    26        
452.60    -16       
452.80    66        
453.00    4         
453.20    58        
453.40    -11       
453.60    -4        
453.80    -25       
454.00    61        
454.20    -6        
454.40    -4        
454.60    23        
454.80    -138      
455.00    50        
455.20    -64       
455.40    16        
455.60    -71       
455.80    -9        
456.00    27        
456.20    27        
456.40    0         
456.60    -17       
456.80    -12       
457.00    -47       
457.20    31        
457.40    -15       
457.60    -71       
457.80    -65       
458.00    -133      
458.20    -40       
458.40    20        
458.60    -83       
458.80    -5        
459.00    20        
459.20    -13       
459.40    4         
459.60    -13       
459.80    13        
460.00    -14       
460.20    -97       
460.40    -17       
460.60    46        
460.80    -117      
461.00    -31       
461.20    -6        
461.40    4         
461.60    34        
461.80    5         
462.00    -48       
462.20    5         
462.40    -2        
462.60    24        
462.80    40        
463.00    -14       
463.20    -93       
463.40    -69       
463.60    7         
463.80    -87       
464.00    33        
464.20    -39       
464.40    12        
464.60    -194      
464.80    41        
465.00    -53       
465.20    16        
465.40    -4        
465.60    -23       
465.80    -16       
466.00    -2        
466.20    -74       
466.40    -86       
466.60    21        
466.80    -24       
467.00    15        
467.20    -28       
467.40    -17       
467.60    -111      
467.80    40        
468.00    33        
468.20    -68       
468.40    -3        
468.60    -112      
468.80    -78       
469.00    -34       
469.20    11        
469.40    6         
469.60    3         
469.80    -41       
470.00    31        
470.20    -29       
470.40    -59       
470.60    -45       
470.80    -36       
471.00    -45       
471.20    4         
471.40    58        
471.60    15        
471.80    0         
472.00    -45       
472.20    0         
472.40    3         
472.60    -14       
472.80    5         
473.00    -17       
473.20    -53       
473.40    9         
473.60    26        
473.80    -49       
474.00    -48       
474.20    -71       
474.40    -76       
474.60    7         
474.80    25        
475.00    -45       
475.20    -111      
475.40    -18       
475.60    21        
475.80    3         
476.00    12        
476.20    26        
476.40    -89       
476.60    63        
476.80    -8        
477.00    -5        
477.20    30        
477.40    -13       
477.60    -2        
477.80    11        
478.00    17        
478.20    -42       
478.40    -45       
478.60    -113      
478.80    -2        
479.00    60        
479.20    28        
479.40    9         
479.60    -89       
479.80    -15       
480.00    29        
480.20    1         
480.40    -12       
480.60    39        
480.80    1         
481.00    -17       
481.20    -42       
481.40    25        
481.60    -75       
481.80    -36       
482.00    14        
482.20    -38       
482.40    26        
482.60    11        
482.80    1         
483.00    -133      
483.20    -9        
483.40    -9        
483.60    -1        
483.80    -37       
484.00    8         
484.20    19        
484.40    26        
484.60    53        
484.80    -43       
485.00    -22       
485.20    -1        
485.40    -5        
485.60    20        
485.80    16        
486.00    -26       
486.20    -147      
486.40    -32       
486.60    38        
486.80    -47       
487.00    19        
487.20    -23       
487.40    -1        
487.60    -6        
487.80    -42       
488.00    -1        
488.20    25        
488.40    -51       
488.60    -48       
488.80    3         
489.00    -85       
489.20    1         
489.40    -13       
489.60    -26       
489.80    -5        
490.00    1         
490.20    14        
490.40    30        
490.60    -28       
490.80    -77       
491.00    43        
491.20    38        
491.40    -34       
491.60    -66       
491.80    -6        
492.00    -54       
492.20    2         
492.40    20        
492.60    9         
492.80    1         
493.00    -38       
493.20    10        
493.40    43        
493.60    -29       
493.80    -31       
494.00    -8        
494.20    -6        
494.40    -25       
494.60    32        
494.80    -32       
495.00    -20       
495.20    -9        
495.40    34        
495.60    -85       
495.80    -56       
496.00    17        
496.20    -26       
496.40    48        
496.60    67        
496.80    11        
497.00    -21       
497.20    -10       
497.40    34        
497.60    9         
497.80    -13       
498.00    17        
498.20    -85       
498.40    1         
498.60    0         
498.80    46        
499.00    -72       
499.20    -26       
499.40    9         
499.60    14        
499.80    22        
500.00    2         
500.20    -68       
500.40    -147      
500.60    28        
500.80    16        
501.00    -3        
501.20    -31       
501.40    -180      
501.60    -52       
501.80    12        
502.00    -111      
502.20    -95       
502.40    -98       
502.60    -11       
502.80    -24       
503.00    -12       
503.20    -37       
503.40    -31       
503.60    -14       
503.80    -63       
504.00    -40       
504.20    16        
504.40    -11       
504.60    -35       
504.80    -75       
505.00    -71       
505.20    -14       
505.40    24        
505.60    4         
505.80    -1        
506.00    -12       
506.20    32        
506.40    -9        
506.60    32        
506.80    -49       
507.00    42        
507.20    30        
507.40    42        
507.60    -18       
507.80    -73       
508.00    -148      
508.20    -5        
508.40    8         
508.60    -67       
508.80    -99       
509.00    -48       
509.20    -24       
509.40    10        
509.60    -11       
509.80    -3        
510.00    -1        
510.20    -15       
510.40    -155      
510.60    -20       
510.80    13        
511.00    -1        
511.20    1         
511.40    -53       
511.60    48        
511.80    -8        
512.00    -13       
512.20    -115      
512.40    -52       
512.60    -47       
512.80    -39       
513.00    -22       
513.20    -13       
513.40    -30       
513.60    -41       
513.80    59        
514.00    2         
514.20    -75       
514.40    -17       
514.60    17        
514.80    -54       
515.00    39        
515.20    1         
515.40    -8        
515.60    -90       
515.80    7         
516.00    15        
516.20    14        
516.40    19        
516.60    -15       
516.80    56        
517.00    -14       
517.20    -7        
517.40    34        
517.60    -47       
517.80    -24       
518.00    -1        
518.20    -66       
518.40    -21       
518.60    -6        
518.80    20        
519.00    -51       
519.20    -6        
519.40    6         
519.60    -31       
519.80    -69       
520.00    -2        
520.20    -34       
520.40    -19       
520.60    -15       
520.80    27        
521.00    -88       
521.20    -24       
521.40    45        
521.60    -48       
521.80    -41       
522.00    -89       
522.20    -13       
522.40    -38       
522.60    -39       
522.80    -56       
523.00    -15       
523.20    -13       
523.40    -63       
523.60    11        
523.80    38        
524.00    -14       
524.20    -16       
524.40    -126      
524.60    25        
524.80    24        
525.00    -4        
525.20    3         
525.40    -123      
525.60    -14       
525.80    45        
526.00    4         
526.20    9         
526.40    -2        
526.60    -45       
526.80    52        
527.00    -10       
527.20    -35       
527.40    -172      
527.60    -110      
527.80    -73       
528.00    47        
528.20    12        
528.40    18        
528.60    -43       
528.80    -8        
529.00    0         
529.20    88        
529.40    -5        
529.60    -138      
529.80    -31       
530.00    43        
530.20    8         
530.40    -73       
530.60    40        
530.80    -31       
531.00    -75       
531.20    -80       
531.40    9         
531.60    -35       
531.80    -34       
532.00    -56       
532.20    -15       
532.40    -4        
532.60    -66       
532.80    -2        
533.00    -43       
533.20    -24       
533.40    35        
533.60    -37       
533.80    -47       
534.00    -36       
534.20    -118      
534.40    40        
534.60    14        
534.80    -34       
535.00    -68       
535.20    -6        
535.40    5         
535.60    29        
535.80    -31       
536.00    -41       
536.20    24        
536.40    -28       
536.60    -53       
536.80    -15       
537.00    -10       
537.20    -47       
537.40    -35       
537.60    47        
537.80    -60       
538.00    -31       
538.20    -62       
538.40    -26       
538.60    -30       
538.80    -4        
539.00    -54       
539.20    2         
539.40    -42       
539.60    13        
539.80    15        
540.00    -75       
540.20    -51       
540.40    -49       
540.60    -33       
540.80    -24       
541.00    9         
541.20    -23       
541.40    -39       
541.60    -9        
541.80    -12       
542.00    13        
542.20    -42       
542.40    -7        
542.60    -38       
542.80    -19       
543.00    36        
543.20    44        
543.40    5         
543.60    -114      
543.80    -6        
544.00    -15       
544.20    35        
544.40    -32       
544.60    9         
544.80    -15       
545.00    -93       
545.20    3846      
545.40    1373      
545.60    -46       
545.80    -51       
546.00    -47       
546.20    36        
546.40    23        
546.60    35        
546.80    -36       
547.00    -66       
547.20    4         
547.40    -72       
547.60    20        
547.80    18        
548.00    38        
548.20    43        
548.40    13        
548.60    -7        
548.80    4         
549.00    7         
549.20    -21       
549.40    22        
549.60    21        
549.80    13        
550.00    2         
550.20    -63       
550.40    -95       
550.60    0         
550.80    21        
551.00    -7        
551.20    -70       
551.40    -3        
551.60    33        
551.80    32        
552.00    -45       
552.20    -60       
552.40    -35       
552.60    -57       
552.80    15        
553.00    -76       
553.20    -47       
553.40    -34       
553.60    -80       
553.80    9         
554.00    -18       
554.20    -24       
554.40    15        
554.60    17        
554.80    -3        
555.00    47        
555.20    -8        
555.40    0         
555.60    5         
555.80    10        
556.00    -115      
556.20    -75       
556.40    15        
556.60    -19       
556.80    -22       
557.00    21        
557.20    -10       
557.40    -13       
557.60    -128      
557.80    51        
558.00    32        
558.20    16        
558.40    33        
558.60    -32       
558.80    30        
559.00    -79       
559.20    5         
559.40    -23       
559.60    56        
559.80    -54       
560.00    -28       
560.20    33        
560.40    -39       
560.60    -104      
560.80    32        
561.00    -54       
561.20    18        
561.40    47        
561.60    51        
561.80    6         
562.00    -90       
562.20    2         
562.40    19        
562.60    -17       
562.80    -23       
563.00    13        
563.20    -27       
563.40    -46       
563.60    23        
563.80    3         
564.00    -29       
564.20    10        
564.40    -25       
564.60    55        
564.80    -13       
565.00    -47       
565.20    -40       
565.40    8         
565.60    -34       
565.80    -11       
566.00    -20       
566.20    -3        
566.40    -85       
566.60    38        
566.80    15        
567.00    -8        
567.20    -31       
567.40    43        
567.60    -17       
567.80    19        
568.00    1         
568.20    59        
568.40    -17       
568.60    -4        
568.80    -12       
569.00    42        
569.20    -11       
569.40    -12       
569.60    -51       
569.80    20        
570.00    23        
570.20    -85       
570.40    -88       
570.60    32        
570.80    -30       
571.00    25        
571.20    -31       
571.40    16        
571.60    -82       
571.80    -41       
572.00    -19       
572.20    32        
572.40    -42       
572.60    -170      
572.80    1         
573.00    9         
573.20    11        
573.40    -69       
573.60    -29       
573.80    12        
574.00    -60       
574.20    -79       
574.40    6         
574.60    -100      
574.80    -56       
575.00    -61       
575.20    -113      
575.40    -5        
575.60    -8        
575.80    26        
576.00    -43       
576.20    98        
576.40    725       
576.60    -43       
576.80    27        
577.00    -29       
577.20    -47       
577.40    14        
577.60    -2        
577.80    -127      
578.00    -101      
578.20    -73       
578.40    781       
578.60    734       
578.80    -74       
579.00    -133      
579.20    -4        
579.40    -3        
579.60    37        
579.80    -67       
580.00    9         
580.20    -37       
580.40    -105      
580.60    -23       
580.80    18        
581.00    48        
581.20    -78       
581.40    0         
581.60    52        
581.80    18        
582.00    -22       
582.20    -43       
582.40    47        
582.60    -29       
582.80    61        
583.00    -1        
583.20    -10       
583.40    11        
583.60    -27       
583.80    2         
584.00    -15       
584.20    -42       
584.40    -37       
584.60    -72       
584.80    14        
585.00    13        
585.20    -113      
585.40    -14       
585.60    26        
585.80    -35       
586.00    33        
586.20    -40       
586.40    -4        
586.60    -37       
586.80    -41       
587.00    41        
587.20    -19       
587.40    -23       
587.60    -5        
587.80    37        
588.00    -7        
588.20    23        
588.40    -18       
588.60    -25       
588.80    22        
589.00    -86       
589.20    41        
589.40    7         
589.60    -101      
589.80    -51       
590.00    -157      
590.20    21        
590.40    -27       
590.60    -50       
590.80    -42       
591.00    -14       
591.20    24        
591.40    -34       
591.60    -84       
591.80    -11       
592.00    -27       
592.20    -9        
592.40    7         
592.60    -40       
592.80    -4        
593.00    -65       
593.20    -49       
593.40    58        
593.60    -30       
593.80    -10       
594.00    -5        
594.20    5         
594.40    22        
594.60    17        
594.80    -61       
595.00    -64       
595.20    -12       
595.40    31        
595.60    -64       
595.80    -8        
596.00    -14       
596.20    -105      
596.40    -2        
596.60    -12       
596.80    20        
597.00    -31       
597.20    -20       
597.40    -28       
597.60    23        
597.80    26        
598.00    -6        
598.20    -55       
598.40    -30       
598.60    -9        
598.80    -43       
599.00    25        
599.20    -23       
599.40    11        
599.60    -10       
599.80    -2        
600.00    -130      
600.20    -18       
600.40    -47       
600.60    48        
600.80    3         
601.00    14        
601.20    -38       
601.40    -11       
601.60    62        
601.80    -39       
602.00    25        
602.20    -80       
602.40    -10       
602.60    -47       
602.80    -2        
603.00    -24       
603.20    -31       
603.40    23        
603.60    14        
603.80    -39       
604.00    61        
604.20    -6        
604.40    -16       
604.60    -60       
604.80    -18       
605.00    63        
605.20    21        
605.40    -125      
605.60    -90       
605.80    -3        
606.00    -17       
606.20    32        
606.40    -49       
606.60    -7        
606.80    16        
607.00    -86       
607.20    29        
607.40    -9        
607.60    2         
607.80    32        
608.00    -11       
608.20    2         
608.40    40        
608.60    -39       
608.80    -95       
609.00    11        
609.20    -19       
609.40    -23       
609.60    -30       
609.80    -40       
610.00    -29       
610.20    -95       
610.40    -76       
610.60    11        
