曲线1               
波长      数值      
300.00    682       
300.11    74        
300.22    93        
300.33    701       
300.44    677       
300.55    200       
300.66    676       
300.77    735       
300.88    753       
300.99    715       
301.10    721       
301.21    735       
301.32    731       
301.43    768       
301.54    749       
301.65    689       
301.76    653       
301.87    746       
301.98    803       
302.09    754       
302.20    794       
302.31    732       
302.42    815       
302.53    723       
302.64    843       
302.75    807       
302.86    773       
302.97    726       
303.08    775       
303.19    818       
303.30    786       
303.41    747       
303.52    812       
303.63    834       
303.74    812       
303.85    775       
303.96    766       
304.07    792       
304.18    811       
304.29    774       
304.40    875       
304.51    894       
304.62    856       
304.73    852       
304.84    809       
304.95    807       
305.06    782       
305.17    868       
305.28    802       
305.39    859       
305.50    918       
305.61    873       
305.72    873       
305.83    931       
305.94    998       
306.05    980       
306.16    876       
306.27    906       
306.38    974       
306.49    973       
306.60    921       
306.71    960       
306.82    957       
306.93    1013      
307.04    1044      
307.15    958       
307.26    970       
307.37    988       
307.48    1009      
307.59    975       
307.70    1090      
307.81    1040      
307.92    1102      
308.03    1072      
308.14    1094      
308.25    1101      
308.36    1082      
308.47    1162      
308.58    1072      
308.69    1113      
308.80    1121      
308.91    1138      
309.02    1090      
309.13    1071      
309.24    1158      
309.35    1164      
309.46    1128      
309.57    1135      
309.68    1129      
309.79    1108      
309.90    1154      
310.01    1251      
310.12    1118      
310.23    1169      
310.34    1102      
310.45    1132      
310.56    1144      
310.67    1115      
310.78    1145      
310.89    1189      
311.00    1183      
311.11    1266      
311.22    1157      
311.33    1280      
311.44    1179      
311.55    1179      
311.66    1238      
311.77    1161      
311.88    1169      
311.99    1247      
312.10    1241      
312.21    1243      
312.32    1251      
312.43    1351      
312.54    1263      
312.65    1235      
312.76    1235      
312.87    1196      
312.98    1239      
313.09    1241      
313.20    1235      
313.31    1287      
313.42    1290      
313.53    1354      
313.64    1323      
313.75    1277      
313.86    1315      
313.97    1369      
314.08    1324      
314.19    1308      
314.30    1336      
314.41    1388      
314.52    1428      
314.63    1293      
314.74    1382      
314.85    1401      
314.96    1353      
315.07    1337      
315.18    1338      
315.29    1335      
315.40    1346      
315.51    1383      
315.62    1437      
315.73    1429      
315.84    1432      
315.95    1425      
316.06    1384      
316.17    1474      
316.28    1423      
316.39    1402      
316.50    1505      
316.61    1544      
316.72    1441      
316.83    1461      
316.94    1497      
317.05    1471      
317.16    1522      
317.27    1490      
317.38    1479      
317.49    1494      
317.60    1477      
317.71    1475      
317.82    1489      
317.93    1593      
318.04    1534      
318.15    1543      
318.26    1491      
318.37    1503      
318.48    1537      
318.59    1634      
318.70    1536      
318.81    1551      
318.92    1572      
319.03    1590      
319.14    1603      
319.25    1552      
319.36    1518      
319.47    1613      
319.58    1557      
319.69    1541      
319.80    1685      
319.91    1594      
320.02    1574      
320.13    1675      
320.24    1673      
320.35    1613      
320.46    1572      
320.57    1657      
320.68    1611      
320.79    1618      
320.90    1625      
321.01    1652      
321.12    1748      
321.23    1670      
321.34    1678      
321.45    1694      
321.56    1708      
321.67    1709      
321.78    1651      
321.89    1688      
322.00    1718      
322.11    1724      
322.22    1717      
322.33    1782      
322.44    1742      
322.55    1795      
322.66    1779      
322.77    1708      
322.88    1731      
322.99    1689      
323.10    1812      
323.21    1776      
323.32    1762      
323.43    1779      
323.54    1792      
323.65    1821      
323.76    1803      
323.87    1751      
323.98    1895      
324.09    1743      
324.20    1801      
324.31    1843      
324.42    1851      
324.53    1823      
324.64    1873      
324.75    1816      
324.86    1945      
324.97    1836      
325.08    1817      
325.19    1814      
325.30    1819      
325.41    1866      
325.52    1937      
325.63    1879      
325.74    1908      
325.85    1903      
325.96    1875      
326.07    1857      
326.18    2054      
326.29    1929      
326.40    1837      
326.51    1892      
326.62    1915      
326.73    1893      
326.84    1932      
326.95    1920      
327.06    1948      
327.17    1937      
327.28    1979      
327.39    1995      
327.50    1962      
327.61    1924      
327.72    1952      
327.83    2011      
327.94    2011      
328.05    1968      
328.16    2014      
328.27    2021      
328.38    1987      
328.49    1966      
328.60    1990      
328.71    1946      
328.82    2023      
328.93    2016      
329.04    2018      
329.15    2065      
329.26    2126      
329.37    2042      
329.48    2081      
329.59    2046      
329.70    1979      
329.81    2067      
329.92    2063      
330.03    2042      
330.14    2065      
330.25    2103      
330.36    2170      
330.47    2115      
330.58    2085      
330.69    2082      
330.80    2072      
330.91    2049      
331.02    2072      
331.13    2103      
331.24    2083      
331.35    2121      
331.46    2197      
331.57    2118      
331.68    2076      
331.79    2148      
331.90    2078      
332.01    2100      
332.12    2150      
332.23    2111      
332.34    2211      
332.45    2222      
332.56    2133      
332.67    2224      
332.78    2107      
332.89    2161      
333.00    2136      
333.11    2096      
333.22    2140      
333.33    2189      
333.44    2261      
333.55    2239      
333.66    2120      
333.77    2204      
333.88    2195      
333.99    2210      
334.10    2185      
334.21    2211      
334.32    2158      
334.43    2200      
334.54    2155      
334.65    2234      
334.76    2219      
334.87    2243      
334.98    2318      
335.09    2233      
335.20    2217      
335.31    2223      
335.42    2255      
335.53    2242      
335.64    2249      
335.75    2267      
335.86    2218      
335.97    2301      
336.08    2239      
336.19    2212      
336.30    2224      
336.41    2165      
336.52    2234      
336.63    2273      
336.74    2353      
336.85    2320      
336.96    2429      
337.07    2320      
337.18    2295      
337.29    2213      
337.40    2225      
337.51    2260      
337.62    2257      
337.73    2312      
337.84    2263      
337.95    2308      
338.06    2277      
338.17    2337      
338.28    2269      
338.39    2328      
338.50    2281      
338.61    2311      
338.72    2239      
338.83    2346      
338.94    2322      
339.05    2335      
339.16    2352      
339.27    2323      
339.38    2288      
339.49    2346      
339.60    2312      
339.71    2251      
339.82    2306      
339.93    2338      
340.04    2315      
340.15    2304      
340.26    2417      
340.37    2342      
340.48    2304      
340.59    2380      
340.70    2343      
340.81    2395      
340.92    2294      
341.03    2331      
341.14    2305      
341.25    2348      
341.36    2363      
341.47    2284      
341.58    2347      
341.69    2366      
341.80    2302      
341.91    2320      
342.02    2328      
342.13    2319      
342.24    2349      
342.35    2352      
342.46    2433      
342.57    2330      
342.68    2355      
342.79    2391      
342.90    2338      
343.01    2325      
343.12    2274      
343.23    2400      
343.34    2322      
343.45    2309      
343.56    2387      
343.67    2396      
343.78    2461      
343.89    2364      
344.00    2305      
344.11    2294      
344.22    2371      
344.33    2417      
344.44    2350      
344.55    2392      
344.66    2342      
344.77    2392      
344.88    2391      
344.99    2395      
345.10    2402      
345.21    2356      
345.32    2399      
345.43    2335      
345.54    2347      
345.65    2389      
345.76    2369      
345.87    2451      
345.98    2418      
346.09    2391      
346.20    2434      
346.31    2497      
346.42    2385      
346.53    2335      
346.64    2460      
346.75    2376      
346.86    2361      
346.97    2416      
347.08    2525      
347.19    2432      
347.30    2343      
347.41    2419      
347.52    2390      
347.63    2361      
347.74    2400      
347.85    2354      
347.96    2464      
348.07    2489      
348.18    2439      
348.29    2463      
348.40    2426      
348.51    2408      
348.62    2481      
348.73    2421      
348.84    2361      
348.95    2414      
349.06    2490      
349.17    2487      
349.28    2486      
349.39    2399      
349.50    2461      
349.61    2384      
349.72    2391      
349.83    2393      
349.94    2403      
350.05    2434      
350.16    2414      
350.27    2410      
350.38    2425      
350.49    2462      
350.60    2531      
350.71    2409      
350.82    2415      
350.93    2416      
351.04    2426      
351.15    2470      
351.26    2411      
351.37    2422      
351.48    2386      
351.59    2445      
351.70    2493      
351.81    2441      
351.92    2377      
352.03    2419      
352.14    2379      
352.25    2431      
352.36    2390      
352.47    2431      
352.58    2405      
352.69    2477      
352.80    2514      
352.91    2446      
353.02    2390      
353.13    2478      
353.24    2376      
353.35    2449      
353.46    2428      
353.57    2439      
353.68    2458      
353.79    2434      
353.90    2437      
354.01    2416      
354.12    2440      
354.23    2454      
354.34    2423      
354.45    2435      
354.56    2419      
354.67    2465      
354.78    2435      
354.89    2434      
355.00    2419      
355.11    2412      
355.22    2500      
355.33    2428      
355.44    2481      
355.55    2436      
355.66    2503      
355.77    2440      
355.88    2435      
355.99    2397      
356.10    2426      
356.21    2416      
356.32    2406      
356.43    2438      
356.54    2391      
356.65    2446      
356.76    2399      
356.87    2404      
356.98    2457      
357.09    2498      
357.20    2446      
357.31    2448      
357.42    2409      
357.53    2452      
357.64    2432      
357.75    2375      
357.86    2446      
357.97    2447      
358.08    2522      
358.19    2475      
358.30    2546      
358.41    2503      
358.52    2428      
358.63    2399      
358.74    2356      
358.85    2374      
358.96    2392      
359.07    2558      
359.18    2455      
359.29    2443      
359.40    2436      
359.51    2469      
359.62    2399      
359.73    2504      
359.84    2455      
359.95    2509      
360.06    2476      
360.17    2458      
360.28    2436      
360.39    2412      
360.50    2573      
360.61    2515      
360.72    2364      
360.83    2453      
360.94    2409      
361.05    2451      
361.16    2474      
361.27    2440      
361.38    2497      
361.49    2536      
361.60    2485      
361.71    2475      
361.82    2418      
361.93    2448      
362.04    2386      
362.15    2392      
362.26    2472      
362.37    2476      
362.48    2392      
362.59    2420      
362.70    2455      
362.81    2396      
362.92    2432      
363.03    2478      
363.14    2370      
363.25    2425      
363.36    2458      
363.47    2349      
363.58    2427      
363.69    2481      
363.80    2432      
363.91    2421      
364.02    2415      
364.13    2420      
364.24    2536      
364.35    2348      
364.46    2390      
364.57    2471      
364.68    2549      
364.79    2477      
364.90    2408      
365.01    2462      
365.12    2378      
365.23    2391      
365.34    2408      
365.45    2385      
365.56    2448      
365.67    2468      
365.78    2453      
365.89    2449      
366.00    2449      
366.11    2498      
366.22    2473      
366.33    2440      
366.44    2515      
366.55    2413      
366.66    2486      
366.77    2469      
366.88    2459      
366.99    2470      
367.10    2454      
367.21    2512      
367.32    2486      
367.43    2505      
367.54    2419      
367.65    2420      
367.76    2454      
367.87    2452      
367.98    2451      
368.09    2479      
368.20    2556      
368.31    2443      
368.42    2497      
368.53    2461      
368.64    2425      
368.75    2487      
368.86    2444      
368.97    2366      
369.08    2416      
369.19    2408      
369.30    2350      
369.41    2393      
369.52    2392      
369.63    2376      
369.74    2340      
369.85    2329      
369.96    2374      
370.07    2440      
370.18    2399      
370.29    2390      
370.40    2393      
370.51    2403      
370.62    2394      
370.73    2319      
370.84    2345      
370.95    2344      
371.06    2391      
371.17    2343      
371.28    2322      
371.39    2379      
371.50    2454      
371.61    2403      
371.72    2330      
371.83    2367      
371.94    2382      
372.05    2291      
372.16    2317      
372.27    2361      
372.38    2408      
372.49    2350      
372.60    2411      
372.71    2357      
372.82    2350      
372.93    2319      
373.04    2307      
373.15    2325      
373.26    2326      
373.37    2274      
373.48    2301      
373.59    2379      
373.70    2315      
373.81    2305      
373.92    2333      
374.03    2352      
374.14    2307      
374.25    2299      
374.36    2282      
374.47    2275      
374.58    2278      
374.69    2322      
374.80    2384      
374.91    2280      
375.02    2358      
375.13    2257      
375.24    2259      
375.35    2297      
375.46    2238      
375.57    2275      
375.68    2275      
375.79    2357      
375.90    2367      
376.01    2267      
376.12    2325      
376.23    2309      
376.34    2293      
376.45    2428      
376.56    2273      
376.67    2273      
376.78    2270      
376.89    2371      
377.00    2357      
377.11    2288      
377.22    2386      
377.33    2281      
377.44    2248      
377.55    2252      
377.66    2268      
377.77    2280      
377.88    2309      
377.99    2277      
378.10    2283      
378.21    2249      
378.32    2315      
378.43    2263      
378.54    2273      
378.65    2345      
378.76    2296      
378.87    2329      
378.98    2405      
379.09    2358      
379.20    2307      
379.31    2278      
379.42    2407      
379.53    2332      
379.64    2320      
379.75    2340      
379.86    2298      
379.97    2261      
380.08    2218      
380.19    2250      
380.30    2224      
380.41    2255      
380.52    2228      
380.63    2355      
380.74    2240      
380.85    2205      
380.96    2187      
381.07    2172      
381.18    2252      
381.29    2214      
381.40    2182      
381.51    2225      
381.62    2288      
381.73    2263      
381.84    2213      
381.95    2238      
382.06    2200      
382.17    2244      
382.28    2324      
382.39    2292      
382.50    2418      
382.61    2401      
382.72    2371      
382.83    2368      
382.94    2362      
383.05    2314      
383.16    2320      
383.27    2252      
383.38    2318      
383.49    2291      
383.60    2345      
383.71    2312      
383.82    2243      
383.93    2264      
384.04    2190      
384.15    2220      
384.26    2188      
384.37    2211      
384.48    2154      
384.59    2222      
384.70    2296      
384.81    2259      
384.92    2160      
385.03    2223      
385.14    2215      
385.25    2286      
385.36    2162      
385.47    2149      
385.58    2321      
385.69    2200      
385.80    2188      
385.91    2268      
386.02    2234      
386.13    2263      
386.24    2247      
386.35    2242      
386.46    2291      
386.57    2190      
386.68    2241      
386.79    2301      
386.90    2311      
387.01    2272      
387.12    2231      
387.23    2266      
387.34    2278      
387.45    2321      
387.56    2467      
387.67    2444      
387.78    2561      
387.89    2561      
388.00    2547      
388.11    2583      
388.22    2481      
388.33    2515      
388.44    2509      
388.55    2443      
388.66    2434      
388.77    2367      
388.88    2351      
388.99    2274      
389.10    2153      
389.21    2061      
389.32    2086      
389.43    2157      
389.54    2114      
389.65    2113      
389.76    2061      
389.87    1987      
389.98    2017      
390.09    2046      
390.20    2067      
390.31    2048      
390.42    2047      
390.53    2158      
390.64    2129      
390.75    2008      
390.86    2013      
390.97    1988      
391.08    2027      
391.19    2025      
391.30    2095      
391.41    2065      
391.52    2094      
391.63    2051      
391.74    2075      
391.85    2006      
391.96    2040      
392.07    2063      
392.18    2027      
392.29    2029      
392.40    2079      
392.51    2031      
392.62    2056      
392.73    2077      
392.84    2158      
392.95    2017      
393.06    2082      
393.17    2011      
393.28    2062      
393.39    2124      
393.50    2106      
393.61    2160      
393.72    2117      
393.83    2074      
393.94    2132      
394.05    2068      
394.16    2102      
394.27    2017      
394.38    2124      
394.49    2043      
394.60    2021      
394.71    2106      
394.82    2051      
394.93    2057      
395.04    2032      
395.15    1979      
395.26    2038      
395.37    2141      
395.48    2281      
395.59    2631      
395.70    2805      
395.81    3035      
395.92    3140      
396.03    3054      
396.14    3017      
396.25    3015      
396.36    2969      
396.47    2942      
396.58    2884      
396.69    2901      
396.80    2850      
396.91    2663      
397.02    2429      
397.13    2218      
397.24    2156      
397.35    2036      
397.46    2008      
397.57    2017      
397.68    2042      
397.79    2082      
397.90    2072      
398.01    2111      
398.12    2078      
398.23    2019      
398.34    2146      
398.45    2053      
398.56    2172      
398.67    2045      
398.78    1985      
398.89    2069      
399.00    2035      
399.11    2058      
399.22    2110      
399.33    2002      
399.44    2114      
399.55    2008      
399.66    1990      
399.77    2036      
399.88    1917      
399.99    1938      
400.10    1934      
400.21    1938      
400.32    1953      
400.43    1932      
400.54    1939      
400.65    1928      
400.76    2028      
400.87    1940      
400.98    1937      
401.09    1936      
401.20    1930      
401.31    1950      
401.42    1996      
401.53    1973      
401.64    2039      
401.75    1972      
401.86    1993      
401.97    2010      
402.08    1892      
402.19    2025      
402.30    1953      
402.41    1921      
402.52    1970      
402.63    1926      
402.74    1978      
402.85    1942      
402.96    1906      
403.07    1870      
403.18    1872      
403.29    1920      
403.40    1931      
403.51    1914      
403.62    1951      
403.73    1964      
403.84    1972      
403.95    1970      
404.06    1996      
404.17    1928      
404.28    1891      
404.39    1913      
404.50    1916      
404.61    2037      
404.72    1963      
404.83    1994      
404.94    2011      
405.05    2145      
405.16    2030      
405.27    1952      
405.38    2025      
405.49    2074      
405.60    2056      
405.71    2100      
405.82    2125      
405.93    2117      
406.04    2119      
406.15    2115      
406.26    2052      
406.37    1979      
406.48    1960      
406.59    1955      
406.70    1939      
406.81    1988      
406.92    1916      
407.03    1946      
407.14    1951      
407.25    1942      
407.36    1845      
407.47    1838      
407.58    1876      
407.69    1827      
407.80    1928      
407.91    1840      
408.02    1892      
408.13    1879      
408.24    1810      
408.35    1836      
408.46    1820      
408.57    1887      
408.68    2192      
408.79    2812      
408.90    3761      
409.01    3788      
409.12    3973      
409.23    3858      
409.34    3889      
409.45    3819      
409.56    3904      
409.67    3816      
409.78    3841      
409.89    3794      
410.00    3839      
410.11    3850      
410.22    3781      
410.33    3839      
410.44    3587      
410.55    2353      
410.66    2050      
410.77    1749      
410.88    1808      
410.99    1758      
411.10    1768      
411.21    1814      
411.32    1841      
411.43    1773      
411.54    1892      
411.65    1803      
411.76    1805      
411.87    1838      
411.98    1852      
412.09    1818      
412.20    1816      
412.31    1790      
412.42    1972      
412.53    1876      
412.64    1912      
412.75    1836      
412.86    1841      
412.97    1889      
413.08    1830      
413.19    1812      
413.30    1835      
413.41    1776      
413.52    1821      
413.63    1814      
413.74    1777      
413.85    1777      
413.96    1813      
414.07    1751      
414.18    1729      
414.29    1806      
414.40    1817      
414.51    1705      
414.62    1774      
414.73    1855      
414.84    1793      
414.95    1798      
415.06    1783      
415.17    1768      
415.28    1714      
415.39    1745      
415.50    1756      
415.61    1790      
415.72    1753      
415.83    1783      
415.94    1714      
416.05    1769      
416.16    1828      
416.27    1755      
416.38    1807      
416.49    1805      
416.60    1792      
416.71    1891      
416.82    1854      
416.93    1914      
417.04    1878      
417.15    1823      
417.26    1870      
417.37    1851      
417.48    1822      
417.59    1762      
417.70    1792      
417.81    1739      
417.92    1790      
418.03    1765      
418.14    1686      
418.25    1694      
418.36    1725      
418.47    1711      
418.58    1744      
418.69    1623      
418.80    1655      
418.91    1687      
419.02    1703      
419.13    1677      
419.24    1662      
419.35    1750      
419.46    1770      
419.57    1714      
419.68    1799      
419.79    1700      
419.90    1691      
420.01    1758      
420.12    1842      
420.23    1781      
420.34    1791      
420.45    1817      
420.56    1794      
420.67    1795      
420.78    1701      
420.89    1709      
421.00    1742      
421.11    1771      
421.22    1714      
421.33    1733      
421.44    1733      
421.55    1746      
421.66    1747      
421.77    1688      
421.88    1782      
421.99    1710      
422.10    1639      
422.21    1698      
422.32    1699      
422.43    1877      
422.54    1822      
422.65    1965      
422.76    1760      
422.87    1830      
422.98    1721      
423.09    1766      
423.20    1727      
423.31    1780      
423.42    1713      
423.53    1718      
423.64    1720      
423.75    1676      
423.86    1790      
423.97    1663      
424.08    1654      
424.19    1544      
424.30    1608      
424.41    1668      
424.52    1608      
424.63    1583      
424.74    1592      
424.85    1537      
424.96    1573      
425.07    1576      
425.18    1508      
425.29    1497      
425.40    1531      
425.51    1568      
425.62    1497      
425.73    1703      
425.84    1536      
425.95    1535      
426.06    1529      
426.17    1539      
426.28    1509      
426.39    1538      
426.50    1618      
426.61    1666      
426.72    1703      
426.83    1625      
426.94    1691      
427.05    1688      
427.16    1722      
427.27    1618      
427.38    1705      
427.49    1590      
427.60    1594      
427.71    1689      
427.82    1559      
427.93    1562      
428.04    1473      
428.15    1529      
428.26    1507      
428.37    1539      
428.48    1453      
428.59    1454      
428.70    1520      
428.81    1496      
428.92    1565      
429.03    1580      
429.14    1558      
429.25    1517      
429.36    1567      
429.47    1602      
429.58    1481      
429.69    1478      
429.80    1634      
429.91    1536      
430.02    1543      
430.13    1547      
430.24    1490      
430.35    1539      
430.46    1479      
430.57    1549      
430.68    1467      
430.79    1467      
430.90    1544      
431.01    1483      
431.12    1448      
431.23    1459      
431.34    1495      
431.45    1478      
431.56    1550      
431.67    1475      
431.78    1384      
431.89    1387      
432.00    1428      
432.11    1449      
432.22    1559      
432.33    1515      
432.44    1743      
432.55    2841      
432.66    3932      
432.77    3916      
432.88    3959      
432.99    3988      
433.10    4086      
433.21    4056      
433.32    4092      
433.43    4041      
433.54    4130      
433.65    4027      
433.76    4030      
433.87    4018      
433.98    3973      
434.09    3872      
434.20    3821      
434.31    3770      
434.42    2232      
434.53    1563      
434.64    1358      
434.75    1457      
434.86    1488      
434.97    1402      
435.08    1459      
435.19    1352      
435.30    1383      
435.41    1422      
435.52    1439      
435.63    1404      
435.74    1527      
435.85    1459      
435.96    1510      
436.07    1368      
436.18    1370      
436.29    1424      
436.40    1400      
436.51    1459      
436.62    1444      
436.73    1492      
436.84    1461      
436.95    1494      
437.06    1555      
437.17    1404      
437.28    1507      
437.39    1443      
437.50    1399      
437.61    1479      
437.72    1450      
437.83    1493      
437.94    1562      
438.05    1449      
438.16    1504      
438.27    1430      
438.38    1422      
438.49    1502      
438.60    1528      
438.71    1452      
438.82    1440      
438.93    1459      
439.04    1418      
439.15    1429      
439.26    1411      
439.37    1399      
439.48    1440      
439.59    1433      
439.70    1418      
439.81    1517      
439.92    1457      
440.03    1538      
440.14    1590      
440.25    1749      
440.36    1652      
440.47    1709      
440.58    1722      
440.69    1742      
440.80    1760      
440.91    1794      
441.02    1762      
441.13    1779      
441.24    1756      
441.35    1717      
441.46    1667      
441.57    1552      
441.68    1555      
441.79    1539      
441.90    1449      
442.01    1502      
442.12    1468      
442.23    1496      
442.34    1589      
442.45    1514      
442.56    1422      
442.67    1398      
442.78    1441      
442.89    1410      
443.00    1447      
443.11    1452      
443.22    1519      
443.33    1564      
443.44    1633      
443.55    1651      
443.66    1631      
443.77    1553      
443.88    1632      
443.99    1566      
444.10    1639      
444.21    1688      
444.32    1601      
444.43    1636      
444.54    1710      
444.65    1670      
444.76    1639      
444.87    1599      
444.98    1574      
445.09    1572      
445.20    1566      
445.31    1639      
445.42    1607      
445.53    1655      
445.64    1633      
445.75    1715      
445.86    1614      
445.97    1518      
446.08    1590      
446.19    1525      
446.30    1522      
446.41    1512      
446.52    1481      
446.63    1511      
446.74    1497      
446.85    1510      
446.96    1500      
447.07    1531      
447.18    1435      
447.29    1495      
447.40    1467      
447.51    1508      
447.62    1554      
447.73    1563      
447.84    1626      
447.95    1566      
448.06    1646      
448.17    1605      
448.28    1556      
448.39    1570      
448.50    1648      
448.61    1611      
448.72    1530      
448.83    1629      
448.94    1548      
449.05    1544      
449.16    1507      
449.27    1494      
449.38    1504      
449.49    1403      
449.60    1446      
449.71    1493      
449.82    1376      
449.93    1376      
450.04    1390      
450.15    1427      
450.26    1369      
450.37    1362      
450.48    1315      
450.59    1387      
450.70    1385      
450.81    1306      
450.92    1372      
451.03    1342      
451.14    1303      
451.25    1404      
451.36    1356      
451.47    1334      
451.58    1316      
451.69    1304      
451.80    1322      
451.91    1335      
452.02    1372      
452.13    1337      
452.24    1383      
452.35    1417      
452.46    1344      
452.57    1459      
452.68    1360      
452.79    1281      
452.90    1401      
453.01    1307      
453.12    1346      
453.23    1309      
453.34    1305      
453.45    1316      
453.56    1319      
453.67    1269      
453.78    1333      
453.89    1289      
454.00    1335      
454.11    1310      
454.22    1404      
454.33    1378      
454.44    1345      
454.55    1328      
454.66    1307      
454.77    1341      
454.88    1272      
454.99    1249      
455.10    1283      
455.21    1336      
455.32    1347      
455.43    1329      
455.54    1261      
455.65    1324      
455.76    1329      
455.87    1441      
455.98    1289      
456.09    1343      
456.20    1303      
456.31    1385      
456.42    1365      
456.53    1377      
456.64    1432      
456.75    1462      
456.86    1448      
456.97    1457      
457.08    1434      
457.19    1386      
457.30    1428      
457.41    1476      
457.52    1431      
457.63    1452      
457.74    1369      
457.85    1375      
457.96    1459      
458.07    1351      
458.18    1339      
458.29    1345      
458.40    1294      
458.51    1262      
458.62    1277      
458.73    1300      
458.84    1330      
458.95    1349      
459.06    1306      
459.17    1298      
459.28    1236      
459.39    1207      
459.50    1171      
459.61    1193      
459.72    1200      
459.83    1170      
459.94    1215      
460.05    1186      
460.16    1161      
460.27    1151      
460.38    1142      
460.49    1183      
460.60    1175      
460.71    1192      
460.82    1232      
460.93    1213      
461.04    1153      
461.15    1218      
461.26    1257      
461.37    1193      
461.48    1181      
461.59    1225      
461.70    1226      
461.81    1199      
461.92    1279      
462.03    1340      
462.14    1330      
462.25    1428      
462.36    1477      
462.47    1446      
462.58    1469      
462.69    1415      
462.80    1418      
462.91    1402      
463.02    1421      
463.13    1429      
463.24    1393      
463.35    1455      
463.46    1410      
463.57    1346      
463.68    1295      
463.79    1254      
463.90    1308      
464.01    1299      
464.12    1282      
464.23    1325      
464.34    1287      
464.45    1288      
464.56    1267      
464.67    1301      
464.78    1229      
464.89    1189      
465.00    1244      
465.11    1255      
465.22    1205      
465.33    1341      
465.44    1180      
465.55    1217      
465.66    1199      
465.77    1275      
465.88    1181      
465.99    1115      
466.10    1170      
466.21    1236      
466.32    1170      
466.43    1191      
466.54    1146      
466.65    1173      
466.76    1179      
466.87    1089      
466.98    1135      
467.09    1125      
467.20    1192      
467.31    1183      
467.42    1304      
467.53    1282      
467.64    1227      
467.75    1216      
467.86    1141      
467.97    1280      
468.08    1159      
468.19    1171      
468.30    1153      
468.41    1136      
468.52    1070      
468.63    1090      
468.74    1086      
468.85    1043      
468.96    1024      
469.07    1060      
469.18    1093      
469.29    1024      
469.40    1021      
469.51    1093      
469.62    1128      
469.73    998       
469.84    1054      
469.95    1042      
470.06    979       
470.17    1069      
470.28    1032      
470.39    998       
470.50    1117      
470.61    1075      
470.72    1084      
470.83    1080      
470.94    1033      
471.05    1037      
471.16    1121      
471.27    1178      
471.38    1092      
471.49    1055      
471.60    1091      
471.71    1134      
471.82    1071      
471.93    1045      
472.04    1121      
472.15    1086      
472.26    1126      
472.37    1111      
472.48    1069      
472.59    1121      
472.70    1010      
472.81    1095      
472.92    1161      
473.03    1094      
473.14    1049      
473.25    993       
473.36    1087      
473.47    991       
473.58    1016      
473.69    1012      
473.80    1033      
473.91    1060      
474.02    1043      
474.13    1029      
474.24    1040      
474.35    1111      
474.46    966       
474.57    1010      
474.68    1015      
474.79    1004      
474.90    984       
475.01    1050      
475.12    1007      
475.23    1009      
475.34    1117      
475.45    1035      
475.56    997       
475.67    1016      
475.78    980       
475.89    995       
476.00    1067      
476.11    1052      
476.22    1027      
476.33    989       
476.44    1032      
476.55    1015      
476.66    1018      
476.77    958       
476.88    985       
476.99    1054      
477.10    985       
477.21    1022      
477.32    1033      
477.43    982       
477.54    1134      
477.65    1060      
477.76    1100      
477.87    965       
477.98    1010      
478.09    970       
478.20    966       
478.31    1010      
478.42    1044      
478.53    990       
478.64    995       
478.75    1028      
478.86    972       
478.97    1011      
479.08    989       
479.19    967       
479.30    1004      
479.41    982       
479.52    1096      
479.63    992       
479.74    1003      
479.85    1089      
479.96    1036      
480.07    1024      
480.18    952       
480.29    1022      
480.40    1047      
480.51    943       
480.62    1038      
480.73    1086      
480.84    963       
480.95    1039      
481.06    962       
481.17    1019      
481.28    939       
481.39    947       
481.50    949       
481.61    1022      
481.72    1017      
481.83    938       
481.94    997       
482.05    948       
482.16    1022      
482.27    959       
482.38    968       
482.49    1006      
482.60    1056      
482.71    1076      
482.82    1057      
482.93    1133      
483.04    1058      
483.15    1085      
483.26    1114      
483.37    1112      
483.48    1063      
483.59    1209      
483.70    1109      
483.81    1135      
483.92    1241      
484.03    1146      
484.14    1200      
484.25    1130      
484.36    1218      
484.47    1798      
484.58    3808      
484.69    4018      
484.80    4133      
484.91    4547      
485.02    4279      
485.13    4070      
485.24    4052      
485.35    4129      
485.46    4096      
485.57    4228      
485.68    4177      
485.79    4312      
485.90    4309      
486.01    4537      
486.12    4654      
486.23    4724      
486.34    4112      
486.45    3986      
486.56    3722      
486.67    1287      
486.78    1072      
486.89    1105      
487.00    1083      
487.11    1053      
487.22    1100      
487.33    1089      
487.44    1024      
487.55    991       
487.66    994       
487.77    1006      
487.88    943       
487.99    1017      
488.10    957       
488.21    1026      
488.32    1013      
488.43    1004      
488.54    951       
488.65    975       
488.76    1031      
488.87    993       
488.98    1004      
489.09    1071      
489.20    1157      
489.31    1066      
489.42    1058      
489.53    1050      
489.64    1022      
489.75    1039      
489.86    1020      
489.97    1091      
490.08    1046      
490.19    1000      
490.30    1038      
490.41    1057      
490.52    946       
490.63    1000      
490.74    997       
490.85    1079      
490.96    976       
491.07    939       
491.18    975       
491.29    932       
491.40    995       
491.51    1002      
491.62    1076      
491.73    1030      
491.84    1136      
491.95    1081      
492.06    1026      
492.17    1088      
492.28    1167      
492.39    1182      
492.50    1135      
492.61    1148      
492.72    1171      
492.83    1084      
492.94    1064      
493.05    1045      
493.16    986       
493.27    1023      
493.38    955       
493.49    1019      
493.60    914       
493.71    931       
493.82    895       
493.93    970       
494.04    858       
494.15    846       
494.26    894       
494.37    873       
494.48    859       
494.59    891       
494.70    908       
494.81    895       
494.92    857       
495.03    881       
495.14    944       
495.25    868       
495.36    830       
495.47    883       
495.58    924       
495.69    889       
495.80    906       
495.91    905       
496.02    915       
496.13    879       
496.24    866       
496.35    982       
496.46    885       
496.57    855       
496.68    883       
496.79    892       
496.90    852       
497.01    940       
497.12    941       
497.23    939       
497.34    951       
497.45    911       
497.56    944       
497.67    850       
497.78    901       
497.89    920       
498.00    962       
498.11    940       
498.22    915       
498.33    918       
498.44    874       
498.55    870       
498.66    864       
498.77    891       
498.88    947       
498.99    856       
499.10    987       
499.21    810       
499.32    887       
499.43    927       
499.54    905       
499.65    816       
499.76    884       
499.87    877       
499.98    940       
500.09    880       
500.20    995       
500.31    918       
500.42    1010      
500.53    915       
500.64    896       
500.75    969       
500.86    924       
500.97    963       
501.08    917       
501.19    886       
501.30    864       
501.41    884       
501.52    910       
501.63    933       
501.74    862       
501.85    812       
501.96    772       
502.07    868       
502.18    875       
502.29    835       
502.40    868       
502.51    905       
502.62    955       
502.73    963       
502.84    821       
502.95    892       
503.06    817       
503.17    829       
503.28    864       
503.39    888       
503.50    882       
503.61    793       
503.72    834       
503.83    855       
503.94    798       
504.05    781       
504.16    774       
504.27    789       
504.38    784       
504.49    842       
504.60    821       
504.71    824       
504.82    860       
504.93    885       
505.04    846       
505.15    861       
505.26    847       
505.37    836       
505.48    821       
505.59    868       
505.70    888       
505.81    875       
505.92    888       
506.03    844       
506.14    895       
506.25    773       
506.36    737       
506.47    786       
506.58    776       
506.69    893       
506.80    809       
506.91    881       
507.02    829       
507.13    774       
507.24    843       
507.35    813       
507.46    833       
507.57    842       
507.68    835       
507.79    844       
507.90    808       
508.01    857       
508.12    828       
508.23    800       
508.34    802       
508.45    762       
508.56    729       
508.67    826       
508.78    749       
508.89    782       
509.00    807       
509.11    843       
509.22    818       
509.33    741       
509.44    773       
509.55    818       
509.66    794       
509.77    778       
509.88    861       
509.99    907       
510.10    797       
510.21    851       
510.32    915       
510.43    888       
510.54    846       
510.65    781       
510.76    786       
510.87    893       
510.98    846       
511.09    889       
511.20    762       
511.31    847       
511.42    779       
511.53    838       
511.64    803       
511.75    762       
511.86    750       
511.97    745       
512.08    795       
512.19    763       
512.30    700       
512.41    757       
512.52    823       
512.63    808       
512.74    733       
512.85    746       
512.96    769       
513.07    727       
513.18    763       
513.29    771       
513.40    721       
513.51    825       
513.62    115       
513.73    810       
513.84    816       
513.95    784       
514.06    769       
514.17    859       
514.28    756       
514.39    855       
514.50    786       
514.61    747       
514.72    796       
514.83    804       
514.94    798       
515.05    744       
515.16    809       
515.27    750       
515.38    793       
515.49    761       
515.60    774       
515.71    757       
515.82    688       
515.93    849       
516.04    777       
516.15    770       
516.26    736       
516.37    799       
516.48    770       
516.59    74        
516.70    779       
516.81    792       
516.92    777       
517.03    739       
517.14    726       
517.25    714       
517.36    830       
517.47    735       
517.58    141       
517.69    755       
517.80    826       
517.91    852       
518.02    739       
518.13    754       
518.24    725       
518.35    717       
518.46    746       
518.57    733       
518.68    806       
518.79    776       
518.90    749       
519.01    767       
519.12    816       
519.23    725       
519.34    826       
519.45    742       
519.56    745       
519.67    725       
519.78    869       
519.89    782       
520.00    776       
520.11    742       
520.22    772       
520.33    679       
520.44    731       
520.55    675       
520.66    774       
520.77    685       
520.88    812       
520.99    757       
521.10    762       
521.21    96        
521.32    797       
521.43    816       
521.54    704       
521.65    735       
521.76    845       
521.87    802       
521.98    819       
522.09    764       
522.20    726       
522.31    123       
522.42    713       
522.53    671       
522.64    209       
522.75    701       
522.86    144       
522.97    666       
523.08    762       
523.19    818       
523.30    766       
523.41    169       
523.52    681       
523.63    710       
523.74    51        
523.85    104       
523.96    168       
524.07    780       
524.18    75        
524.29    109       
524.40    745       
524.51    688       
524.62    681       
524.73    726       
524.84    755       
524.95    722       
525.06    711       
525.17    785       
525.28    793       
525.39    710       
525.50    795       
525.61    765       
525.72    744       
525.83    702       
525.94    772       
526.05    742       
526.16    716       
526.27    750       
526.38    749       
526.49    816       
526.60    780       
526.71    769       
526.82    670       
526.93    728       
527.04    692       
527.15    735       
527.26    802       
527.37    707       
527.48    743       
527.59    920       
527.70    100       
527.81    133       
527.92    730       
528.03    676       
528.14    124       
528.25    698       
528.36    709       
528.47    752       
528.58    770       
528.69    704       
528.80    802       
528.91    756       
529.02    688       
529.13    741       
529.24    729       
529.35    699       
529.46    742       
529.57    106       
529.68    714       
529.79    782       
529.90    802       
530.01    714       
530.12    660       
530.23    720       
530.34    151       
530.45    145       
530.56    119       
530.67    783       
530.78    127       
530.89    118       
531.00    39        
531.11    648       
531.22    192       
531.33    84        
531.44    670       
531.55    60        
531.66    65        
531.77    712       
531.88    667       
531.99    684       
532.10    739       
532.21    198       
532.32    676       
532.43    662       
532.54    884       
532.65    694       
532.76    708       
532.87    788       
532.98    154       
533.09    817       
533.20    740       
533.31    700       
533.42    755       
533.53    125       
533.64    713       
533.75    132       
533.86    150       
533.97    828       
534.08    712       
534.19    730       
534.30    739       
534.41    663       
534.52    737       
534.63    749       
534.74    114       
534.85    677       
534.96    757       
535.07    764       
535.18    153       
535.29    697       
535.40    688       
535.51    674       
535.62    692       
535.73    745       
535.84    712       
535.95    693       
536.06    139       
536.17    746       
536.28    725       
536.39    742       
536.50    673       
536.61    697       
536.72    702       
536.83    670       
536.94    94        
537.05    838       
537.16    733       
537.27    106       
537.38    709       
537.49    742       
537.60    709       
537.71    726       
537.82    685       
537.93    805       
538.04    762       
538.15    759       
538.26    704       
538.37    722       
538.48    713       
538.59    723       
538.70    684       
538.81    671       
538.92    747       
539.03    716       
539.14    710       
539.25    766       
539.36    746       
539.47    813       
539.58    123       
539.69    136       
539.80    169       
539.91    156       
540.02    785       
540.13    114       
540.24    806       
540.35    142       
540.46    122       
540.57    113       
540.68    746       
540.79    765       
540.90    707       
541.01    709       
541.12    748       
541.23    699       
541.34    703       
541.45    785       
541.56    887       
541.67    763       
541.78    758       
541.89    772       
542.00    737       
542.11    702       
542.22    699       
542.33    721       
542.44    735       
542.55    146       
542.66    791       
542.77    146       
542.88    708       
542.99    194       
543.10    692       
543.21    730       
543.32    144       
543.43    688       
543.54    799       
543.65    678       
543.76    722       
543.87    711       
543.98    759       
544.09    715       
544.20    675       
544.31    174       
544.42    190       
544.53    725       
544.64    720       
544.75    173       
544.86    670       
544.97    155       
545.08    72        
545.19    671       
545.30    190       
545.41    719       
545.52    126       
545.63    134       
545.74    97        
545.85    115       
545.96    167       
546.07    153       
546.18    716       
546.29    747       
546.40    130       
546.51    161       
546.62    681       
546.73    738       
546.84    774       
546.95    791       
547.06    731       
547.17    725       
547.28    698       
547.39    715       
547.50    693       
547.61    785       
547.72    726       
547.83    704       
547.94    773       
548.05    672       
548.16    738       
548.27    687       
548.38    645       
548.49    169       
548.60    162       
548.71    175       
548.82    697       
548.93    160       
549.04    154       
549.15    129       
549.26    158       
549.37    121       
549.48    708       
549.59    668       
549.70    144       
549.81    681       
549.92    130       
550.03    125       
550.14    104       
550.25    121       
550.36    119       
550.47    164       
550.58    689       
550.69    873       
550.80    144       
550.91    674       
551.02    172       
551.13    76        
551.24    749       
551.35    706       
551.46    138       
551.57    163       
551.68    635       
551.79    167       
551.90    169       
552.01    106       
552.12    180       
552.23    83        
552.34    833       
552.45    117       
552.56    750       
552.67    164       
552.78    673       
552.89    696       
553.00    147       
553.11    697       
553.22    113       
553.33    677       
553.44    727       
553.55    727       
553.66    883       
553.77    691       
553.88    179       
553.99    702       
554.10    148       
554.21    52        
554.32    738       
554.43    83        
554.54    78        
554.65    154       
554.76    804       
554.87    105       
554.98    155       
555.09    146       
555.20    129       
555.31    172       
555.42    133       
555.53    732       
555.64    82        
555.75    721       
555.86    776       
555.97    699       
556.08    146       
556.19    50        
556.30    74        
556.41    737       
556.52    146       
556.63    121       
556.74    713       
556.85    700       
556.96    688       
557.07    699       
557.18    179       
557.29    685       
557.40    142       
557.51    710       
557.62    139       
557.73    103       
557.84    129       
557.95    150       
558.06    155       
558.17    160       
558.28    154       
558.39    161       
558.50    756       
558.61    101       
558.72    72        
558.83    180       
558.94    150       
559.05    719       
559.16    698       
559.27    691       
559.38    192       
559.49    698       
559.60    181       
559.71    109       
559.82    118       
559.93    751       
560.04    699       
560.15    669       
560.26    197       
560.37    636       
560.48    183       
560.59    92        
560.70    144       
560.81    746       
560.92    134       
561.03    778       
561.14    161       
561.25    689       
561.36    194       
561.47    62        
561.58    131       
561.69    749       
561.80    136       
561.91    96        
562.02    706       
562.13    80        
562.24    695       
562.35    161       
562.46    168       
562.57    179       
562.68    153       
562.79    113       
562.90    127       
563.01    119       
563.12    130       
563.23    723       
563.34    151       
563.45    180       
563.56    172       
563.67    168       
563.78    138       
563.89    110       
564.00    703       
564.11    726       
564.22    642       
564.33    172       
564.44    101       
564.55    749       
564.66    658       
564.77    735       
564.88    655       
564.99    680       
565.10    724       
565.21    85        
565.32    807       
565.43    723       
565.54    790       
565.65    762       
565.76    713       
565.87    764       
565.98    722       
566.09    770       
566.20    832       
566.31    766       
566.42    793       
566.53    820       
566.64    771       
566.75    810       
566.86    788       
566.97    852       
567.08    872       
567.19    911       
567.30    837       
567.41    824       
567.52    835       
567.63    918       
567.74    891       
567.85    870       
567.96    885       
568.07    908       
568.18    937       
568.29    974       
568.40    970       
568.51    962       
568.62    957       
568.73    1077      
568.84    979       
568.95    970       
569.06    1026      
569.17    1011      
569.28    955       
569.39    1005      
569.50    936       
569.61    959       
569.72    974       
569.83    879       
569.94    875       
570.05    846       
570.16    923       
570.27    855       
570.38    919       
570.49    918       
570.60    938       
570.71    946       
570.82    976       
570.93    866       
571.04    891       
571.15    913       
571.26    869       
571.37    968       
571.48    902       
571.59    896       
571.70    921       
571.81    983       
571.92    948       
572.03    907       
572.14    972       
572.25    1035      
572.36    1008      
572.47    1076      
572.58    1055      
572.69    1111      
572.80    1050      
572.91    1092      
573.02    1024      
573.13    1002      
573.24    997       
573.35    1007      
573.46    1003      
573.57    973       
573.68    937       
573.79    901       
573.90    847       
574.01    910       
574.12    796       
574.23    824       
574.34    879       
574.45    921       
574.56    911       
574.67    1020      
574.78    1149      
574.89    1077      
575.00    992       
575.11    1041      
575.22    1079      
575.33    1123      
575.44    1126      
575.55    1072      
575.66    1148      
575.77    1118      
575.88    1189      
575.99    1096      
576.10    1081      
576.21    1100      
576.32    1141      
576.43    1129      
576.54    1166      
576.65    1145      
576.76    1084      
576.87    1075      
576.98    1077      
577.09    1134      
577.20    1040      
577.31    1106      
577.42    1079      
577.53    1061      
577.64    1140      
577.75    1007      
577.86    1143      
577.97    1015      
578.08    1069      
578.19    1141      
578.30    1087      
578.41    1120      
578.52    1067      
578.63    1117      
578.74    1106      
578.85    1139      
578.96    1172      
579.07    1171      
579.18    1178      
579.29    1296      
579.40    1280      
579.51    1170      
579.62    1208      
579.73    1231      
579.84    1201      
579.95    1175      
580.06    1249      
580.17    1278      
580.28    1316      
580.39    1435      
580.50    1385      
580.61    1435      
580.72    1474      
580.83    1531      
580.94    1554      
581.05    1543      
581.16    1541      
581.27    1592      
581.38    1569      
581.49    1551      
581.60    1332      
581.71    1310      
581.82    1212      
581.93    1236      
582.04    1136      
582.15    1123      
582.26    1126      
582.37    1063      
582.48    1023      
582.59    1037      
582.70    1024      
582.81    1023      
582.92    1063      
583.03    1072      
583.14    1118      
583.25    1091      
583.36    1127      
583.47    1116      
583.58    1053      
583.69    1051      
583.80    1081      
583.91    1035      
584.02    1036      
584.13    1049      
584.24    1021      
584.35    1053      
584.46    1055      
584.57    989       
584.68    961       
584.79    1058      
584.90    937       
585.01    944       
585.12    969       
585.23    978       
585.34    978       
585.45    985       
585.56    1039      
585.67    1020      
585.78    961       
585.89    975       
586.00    904       
586.11    923       
586.22    967       
586.33    923       
586.44    1005      
586.55    1006      
586.66    957       
586.77    1037      
586.88    1032      
586.99    1022      
587.10    1044      
587.21    1095      
587.32    1170      
587.43    1129      
587.54    1260      
587.65    1198      
587.76    1150      
587.87    1186      
587.98    1124      
588.09    1111      
588.20    1078      
588.31    1099      
588.42    1055      
588.53    1061      
588.64    986       
588.75    1011      
588.86    876       
588.97    905       
589.08    846       
589.19    805       
589.30    816       
589.41    807       
589.52    790       
589.63    806       
589.74    865       
589.85    818       
589.96    917       
590.07    875       
590.18    819       
590.29    830       
590.40    885       
590.51    853       
590.62    896       
590.73    1009      
590.84    932       
590.95    938       
591.06    955       
591.17    858       
591.28    893       
591.39    854       
591.50    1011      
591.61    927       
591.72    982       
591.83    1025      
591.94    1075      
592.05    1045      
592.16    1157      
592.27    1053      
592.38    1030      
592.49    1062      
592.60    1187      
592.71    1175      
592.82    1192      
592.93    1201      
593.04    1211      
593.15    1286      
593.26    1143      
593.37    1005      
593.48    999       
593.59    1076      
593.70    1132      
593.81    1196      
593.92    1276      
594.03    1130      
594.14    1054      
594.25    1012      
594.36    1021      
594.47    1096      
594.58    1067      
594.69    1053      
594.80    1197      
594.91    1094      
595.02    1116      
595.13    1087      
595.24    998       
595.35    981       
595.46    952       
595.57    1002      
595.68    985       
595.79    1054      
595.90    962       
596.01    1068      
596.12    1013      
596.23    957       
596.34    1106      
596.45    1099      
596.56    1025      
596.67    1023      
596.78    1020      
596.89    1094      
597.00    1129      
597.11    1118      
597.22    1052      
597.33    1037      
597.44    1012      
597.55    1027      
597.66    896       
597.77    917       
597.88    952       
597.99    925       
598.10    890       
598.21    1014      
598.32    907       
598.43    942       
598.54    919       
598.65    849       
598.76    830       
598.87    896       
598.98    858       
599.09    895       
599.20    911       
599.31    932       
599.42    960       
599.53    951       
599.64    970       
599.75    958       
599.86    963       
599.97    988       
600.08    1028      
600.19    1070      
600.30    1048      
600.41    1085      
600.52    1210      
600.63    1101      
600.74    1148      
600.85    1282      
600.96    1116      
601.07    1113      
601.18    1166      
601.29    1091      
601.40    1136      
601.51    1169      
601.62    1244      
601.73    1195      
601.84    1225      
601.95    1135      
602.06    1219      
602.17    1190      
602.28    1165      
602.39    1223      
602.50    1324      
602.61    1244      
602.72    1131      
602.83    1142      
602.94    1024      
603.05    977       
603.16    1006      
603.27    953       
603.38    918       
603.49    964       
603.60    848       
603.71    844       
603.82    927       
603.93    895       
604.04    920       
604.15    900       
604.26    898       
604.37    904       
604.48    914       
604.59    848       
604.70    873       
604.81    955       
604.92    877       
605.03    870       
605.14    1004      
605.25    824       
605.36    898       
605.47    908       
605.58    909       
605.69    893       
605.80    911       
605.91    908       
606.02    960       
606.13    927       
606.24    889       
606.35    893       
606.46    869       
606.57    970       
606.68    968       
606.79    929       
606.90    980       
607.01    841       
607.12    857       
607.23    879       
607.34    855       
607.45    858       
607.56    866       
607.67    868       
607.78    910       
607.89    960       
608.00    927       
608.11    990       
608.22    842       
608.33    844       
608.44    868       
608.55    904       
608.66    962       
608.77    1027      
608.88    902       
608.99    936       
609.10    913       
609.21    867       
609.32    937       
609.43    849       
609.54    864       
609.65    864       
609.76    872       
609.87    868       
609.98    850       
610.09    805       
610.20    801       
610.31    852       
610.42    845       
610.53    877       
610.64    843       
610.75    928       
610.86    883       
610.97    893       
611.08    887       
611.19    860       
611.30    866       
611.41    856       
611.52    813       
611.63    843       
611.74    861       
611.85    833       
611.96    905       
612.07    956       
612.18    880       
612.29    919       
612.40    926       
612.51    943       
612.62    873       
612.73    911       
612.84    860       
612.95    842       
613.06    975       
613.17    896       
613.28    860       
613.39    841       
613.50    816       
613.61    734       
613.72    768       
613.83    839       
613.94    771       
614.05    795       
614.16    784       
614.27    752       
614.38    772       
614.49    796       
614.60    743       
614.71    708       
614.82    874       
614.93    797       
615.04    752       
615.15    882       
615.26    816       
615.37    750       
615.48    780       
615.59    801       
615.70    729       
615.81    812       
615.92    742       
616.03    766       
616.14    795       
616.25    59        
616.36    815       
616.47    811       
616.58    791       
616.69    759       
616.80    803       
616.91    798       
617.02    758       
617.13    732       
617.24    726       
617.35    126       
617.46    118       
617.57    783       
617.68    163       
617.79    695       
617.90    700       
618.01    737       
618.12    680       
618.23    159       
618.34    816       
618.45    752       
618.56    849       
618.67    830       
618.78    781       
618.89    819       
619.00    760       
619.11    854       
619.22    936       
619.33    798       
619.44    796       
619.55    785       
619.66    793       
619.77    786       
619.88    748       
619.99    681       
620.10    151       
620.21    167       
620.32    787       
620.43    95        
620.54    144       
620.65    120       
620.76    135       
620.87    72        
620.98    844       
621.09    724       
621.20    114       
621.31    743       
621.42    739       
621.53    887       
621.64    786       
621.75    887       
621.86    816       
621.97    741       
622.08    798       
622.19    780       
622.30    782       
622.41    763       
622.52    730       
622.63    690       
622.74    747       
622.85    768       
622.96    728       
623.07    726       
623.18    693       
623.29    746       
623.40    685       
623.51    740       
623.62    837       
623.73    161       
623.84    152       
623.95    78        
624.06    136       
624.17    161       
624.28    111       
624.39    111       
624.50    87        
624.61    58        
624.72    108       
624.83    114       
624.94    -20       
625.05    109       
625.16    156       
625.27    157       
625.38    123       
625.49    114       
625.60    101       
625.71    125       
625.82    141       
625.93    145       
626.04    158       
626.15    718       
626.26    152       
626.37    173       
626.48    126       
626.59    46        
626.70    133       
626.81    90        
626.92    122       
627.03    88        
627.14    136       
627.25    738       
627.36    650       
627.47    632       
627.58    163       
627.69    74        
627.80    81        
627.91    148       
628.02    126       
628.13    41        
628.24    140       
628.35    99        
628.46    150       
628.57    696       
628.68    177       
628.79    117       
628.90    106       
629.01    140       
629.12    114       
629.23    69        
629.34    174       
629.45    114       
629.56    147       
629.67    60        
629.78    128       
629.89    94        
630.00    111       
630.11    94        
630.22    80        
630.33    122       
630.44    88        
630.55    114       
630.66    63        
630.77    73        
630.88    65        
630.99    50        
631.10    96        
631.21    108       
631.32    40        
631.43    144       
631.54    155       
631.65    180       
631.76    118       
631.87    733       
631.98    115       
632.09    717       
632.20    112       
632.31    118       
632.42    139       
632.53    171       
632.64    154       
632.75    184       
632.86    104       
632.97    6         
633.08    98        
633.19    -26       
633.30    73        
633.41    40        
633.52    83        
633.63    84        
633.74    88        
633.85    84        
633.96    11        
634.07    51        
634.18    26        
634.29    35        
634.40    6         
634.51    -26       
634.62    46        
634.73    -74       
634.84    53        
634.95    160       
635.06    44        
635.17    57        
635.28    76        
635.39    79        
635.50    89        
635.61    122       
635.72    122       
635.83    138       
635.94    26        
636.05    86        
636.16    102       
636.27    41        
636.38    89        
636.49    93        
636.60    122       
636.71    94        
636.82    47        
636.93    131       
637.04    49        
637.15    30        
637.26    73        
637.37    -10       
637.48    27        
637.59    113       
637.70    -11       
637.81    129       
637.92    80        
638.03    68        
638.14    78        
638.25    104       
638.36    -51       
638.47    -48       
638.58    98        
638.69    99        
638.80    76        
638.91    115       
639.02    128       
639.13    91        
639.24    48        
639.35    91        
639.46    40        
639.57    90        
639.68    15        
639.79    112       
639.90    73        
640.01    87        
640.12    104       
640.23    80        
640.34    97        
640.45    16        
640.56    58        
640.67    66        
640.78    11        
640.89    98        
641.00    45        
641.11    76        
641.22    32        
641.33    79        
641.44    101       
641.55    -2        
641.66    64        
641.77    77        
641.88    -65       
641.99    107       
642.10    131       
642.21    90        
642.32    80        
642.43    74        
642.54    -17       
642.65    100       
642.76    -77       
642.87    70        
642.98    119       
643.09    46        
643.20    82        
643.31    65        
643.42    53        
643.53    39        
643.64    -2        
643.75    26        
643.86    34        
643.97    57        
644.08    124       
644.19    63        
644.30    23        
644.41    90        
644.52    13        
644.63    37        
644.74    18        
644.85    12        
644.96    -34       
645.07    82        
645.18    58        
645.29    83        
645.40    70        
645.51    29        
645.62    77        
645.73    25        
645.84    9         
645.95    48        
646.06    72        
646.17    68        
646.28    49        
646.39    55        
646.50    -13       
646.61    78        
646.72    17        
646.83    41        
646.94    41        
647.05    38        
647.16    70        
647.27    44        
647.38    59        
647.49    61        
647.60    29        
647.71    44        
647.82    10        
647.93    10        
648.04    17        
648.15    -23       
648.26    73        
648.37    26        
648.48    63        
648.59    89        
648.70    10        
648.81    85        
648.92    75        
649.03    -1        
649.14    -4        
649.25    -97       
649.36    2         
649.47    69        
649.58    35        
649.69    72        
649.80    -31       
649.91    -75       
650.02    -50       
650.13    75        
650.24    19        
650.35    78        
650.46    97        
650.57    120       
650.68    78        
650.79    26        
650.90    84        
651.01    114       
651.12    8         
651.23    96        
651.34    85        
651.45    72        
651.56    62        
651.67    104       
651.78    66        
651.89    116       
652.00    46        
652.11    60        
652.22    77        
652.33    103       
652.44    81        
652.55    125       
652.66    131       
652.77    71        
652.88    55        
652.99    149       
653.10    92        
653.21    104       
653.32    108       
653.43    46        
653.54    727       
653.65    665       
653.76    141       
653.87    691       
653.98    134       
654.09    762       
654.20    754       
654.31    1251      
654.42    3842      
654.53    4057      
654.64    4257      
654.75    3609      
654.86    3313      
654.97    3078      
655.08    2964      
655.19    3058      
655.30    3055      
655.41    3060      
655.52    3071      
655.63    3051      
655.74    3169      
655.85    3162      
655.96    3266      
656.07    3522      
656.18    4197      
656.29    4718      
656.40    4137      
656.51    3869      
656.62    1247      
656.73    753       
656.84    652       
656.95    662       
657.06    113       
657.17    195       
657.28    69        
657.39    786       
657.50    123       
657.61    130       
657.72    150       
657.83    168       
657.94    31        
658.05    112       
658.16    114       
658.27    102       
658.38    107       
658.49    58        
658.60    -32       
658.71    93        
658.82    92        
658.93    97        
659.04    27        
659.15    27        
659.26    45        
659.37    23        
659.48    -42       
659.59    53        
659.70    47        
659.81    65        
659.92    73        
660.03    98        
660.14    50        
660.25    28        
660.36    -12       
660.47    6         
660.58    68        
660.69    51        
660.80    19        
660.91    106       
661.02    111       
661.13    11        
661.24    72        
661.35    103       
661.46    -12       
661.57    -34       
661.68    -39       
661.79    16        
661.90    -18       
662.01    77        
662.12    44        
662.23    -17       
662.34    -4        
662.45    72        
662.56    7         
662.67    59        
662.78    0         
662.89    13        
663.00    39        
663.11    73        
663.22    54        
663.33    -76       
663.44    92        
663.55    -89       
663.66    42        
663.77    -38       
663.88    -43       
663.99    47        
664.10    11        
664.21    49        
664.32    82        
664.43    17        
664.54    18        
664.65    35        
664.76    2         
664.87    -10       
664.98    42        
665.09    107       
665.20    32        
665.31    9         
665.42    -59       
665.53    59        
665.64    -29       
665.75    -7        
665.86    -35       
665.97    10        
666.08    59        
666.19    57        
666.30    97        
666.41    6         
666.52    63        
666.63    29        
666.74    -43       
666.85    31        
666.96    -5        
667.07    82        
667.18    26        
667.29    21        
667.40    -13       
667.51    -13       
667.62    46        
667.73    -43       
667.84    -110      
667.95    8         
668.06    -17       
668.17    29        
668.28    104       
668.39    15        
668.50    57        
668.61    75        
668.72    -65       
668.83    89        
668.94    45        
669.05    73        
669.16    23        
669.27    77        
669.38    72        
669.49    14        
669.60    -20       
669.71    59        
669.82    20        
669.93    39        
670.04    56        
670.15    38        
670.26    92        
670.37    102       
670.48    54        
670.59    33        
670.70    32        
670.81    -117      
670.92    23        
671.03    -1        
671.14    9         
671.25    17        
671.36    -15       
671.47    56        
671.58    55        
671.69    41        
671.80    50        
671.91    -71       
672.02    0         
672.13    -47       
672.24    -14       
672.35    25        
672.46    35        
672.57    5         
672.68    25        
672.79    51        
672.90    -45       
673.01    -30       
673.12    -34       
673.23    45        
673.34    30        
673.45    73        
673.56    -9        
673.67    -14       
673.78    51        
673.89    43        
674.00    40        
674.11    8         
674.22    -70       
674.33    40        
674.44    15        
674.55    89        
674.66    74        
674.77    45        
674.88    21        
674.99    69        
675.10    6         
675.21    20        
675.32    -6        
675.43    19        
675.54    -14       
675.65    32        
675.76    73        
675.87    -24       
675.98    -37       
676.09    78        
676.20    -12       
676.31    2         
676.42    32        
676.53    65        
676.64    92        
676.75    28        
676.86    33        
676.97    69        
677.08    -24       
677.19    25        
677.30    42        
677.41    61        
677.52    77        
677.63    32        
677.74    73        
677.85    8         
677.96    18        
678.07    -8        
678.18    64        
678.29    69        
678.40    -138      
678.51    15        
678.62    20        
678.73    4         
678.84    15        
678.95    56        
679.06    49        
679.17    -22       
679.28    36        
679.39    -20       
679.50    -3        
679.61    49        
679.72    70        
679.83    41        
679.94    3         
680.05    35        
680.16    -2        
680.27    -51       
680.38    22        
680.49    29        
680.60    -45       
680.71    44        
680.82    -7        
680.93    5         
681.04    -15       
681.15    -28       
681.26    -79       
681.37    -125      
681.48    23        
681.59    47        
681.70    72        
681.81    95        
681.92    62        
682.03    -17       
682.14    48        
682.25    -8        
682.36    20        
682.47    31        
682.58    36        
682.69    84        
682.80    37        
682.91    38        
683.02    53        
683.13    3         
683.24    -9        
683.35    34        
683.46    57        
683.57    40        
683.68    -37       
683.79    99        
683.90    68        
684.01    69        
684.12    83        
684.23    44        
684.34    -54       
684.45    6         
684.56    -9        
684.67    99        
684.78    91        
684.89    22        
685.00    18        
685.11    -1        
685.22    -18       
685.33    -58       
685.44    24        
685.55    79        
685.66    -23       
685.77    -1        
685.88    102       
685.99    49        
686.10    59        
686.21    44        
686.32    35        
686.43    21        
686.54    -16       
686.65    -12       
686.76    -16       
686.87    4         
686.98    32        
687.09    28        
687.20    33        
687.31    61        
687.42    -21       
687.53    0         
687.64    25        
687.75    -114      
687.86    4         
687.97    24        
688.08    -6        
688.19    42        
688.30    71        
688.41    39        
688.52    63        
688.63    -60       
688.74    3         
688.85    -13       
688.96    79        
689.07    53        
689.18    39        
689.29    -61       
689.40    61        
689.51    -50       
689.62    -21       
689.73    78        
689.84    73        
689.95    53        
690.06    45        
690.17    61        
690.28    -45       
690.39    -20       
690.50    11        
690.61    61        
690.72    1         
690.83    -46       
690.94    9         
691.05    53        
691.16    56        
691.27    62        
691.38    28        
691.49    5         
691.60    46        
691.71    -39       
691.82    -25       
691.93    -34       
692.04    24        
692.15    78        
692.26    84        
692.37    -110      
692.48    69        
692.59    17        
692.70    95        
692.81    18        
692.92    -84       
693.03    -60       
693.14    67        
693.25    28        
693.36    17        
693.47    0         
693.58    -75       
693.69    -42       
693.80    -10       
693.91    2         
694.02    -10       
694.13    45        
694.24    64        
694.35    36        
694.46    30        
694.57    -12       
694.68    -62       
694.79    16        
694.90    34        
695.01    32        
695.12    35        
695.23    21        
695.34    22        
695.45    21        
695.56    28        
695.67    -48       
695.78    -40       
695.89    -52       
696.00    -3        
696.11    75        
696.22    -17       
696.33    22        
696.44    68        
696.55    7         
696.66    5         
696.77    -40       
696.88    47        
696.99    -5        
697.10    64        
697.21    8         
697.32    35        
697.43    -53       
697.54    57        
697.65    55        
697.76    -21       
697.87    -23       
697.98    23        
698.09    21        
698.20    -3        
698.31    37        
698.42    64        
698.53    -23       
698.64    36        
698.75    -20       
698.86    29        
698.97    24        
699.08    45        
699.19    22        
699.30    65        
699.41    46        
699.52    121       
699.63    38        
699.74    19        
699.85    -24       
699.96    29        
