曲线1               
波长      数值      
550.00    -112      
550.10    14        
550.20    20        
550.30    -91       
550.40    -1        
550.50    19        
550.60    -87       
550.70    47        
550.80    1         
550.90    -20       
551.00    -9        
551.10    9         
551.20    -64       
551.30    -7        
551.40    -18       
551.50    -18       
551.60    45        
551.70    59        
551.80    -37       
551.90    -70       
552.00    27        
552.10    17        
552.20    -87       
552.30    -63       
552.40    -34       
552.50    43        
552.60    -59       
552.70    44        
552.80    -4        
552.90    63        
553.00    -41       
553.10    -30       
553.20    -22       
553.30    -21       
553.40    -53       
553.50    -12       
553.60    -4        
553.70    -4        
553.80    8         
553.90    23        
554.00    23        
554.10    51        
554.20    -40       
554.30    -21       
554.40    24        
554.50    46        
554.60    28        
554.70    -41       
554.80    -37       
554.90    42        
555.00    36        
555.10    23        
555.20    9         
555.30    3         
555.40    -9        
555.50    -56       
555.60    -11       
555.70    -94       
555.80    -4        
555.90    45        
556.00    24        
556.10    -8        
556.20    -26       
556.30    5         
556.40    -42       
556.50    -69       
556.60    -142      
556.70    4         
556.80    -16       
556.90    -13       
557.00    42        
557.10    7         
557.20    71        
557.30    6         
557.40    -27       
557.50    -35       
557.60    -52       
557.70    -60       
557.80    -51       
557.90    -78       
558.00    -20       
558.10    -19       
558.20    4         
558.30    -62       
558.40    36        
558.50    25        
558.60    -41       
558.70    -9        
558.80    -46       
558.90    41        
559.00    -21       
559.10    17        
559.20    0         
559.30    -38       
559.40    1         
559.50    -46       
559.60    32        
559.70    -8        
559.80    59        
559.90    24        
560.00    -28       
560.10    -44       
560.20    -8        
560.30    -40       
560.40    25        
560.50    -25       
560.60    28        
560.70    -29       
560.80    28        
560.90    -23       
561.00    26        
561.10    36        
561.20    23        
561.30    20        
561.40    8         
561.50    42        
561.60    18        
561.70    -17       
561.80    -21       
561.90    -68       
562.00    -78       
562.10    -19       
562.20    10        
562.30    26        
562.40    28        
562.50    67        
562.60    -32       
562.70    23        
562.80    -16       
562.90    8         
563.00    -23       
563.10    -99       
563.20    40        
563.30    -21       
563.40    72        
563.50    -30       
563.60    16        
563.70    7         
563.80    -48       
563.90    -24       
564.00    -133      
564.10    -80       
564.20    -78       
564.30    30        
564.40    -38       
564.50    9         
564.60    61        
564.70    37        
564.80    15        
564.90    14        
565.00    23        
565.10    -34       
565.20    -29       
565.30    -40       
565.40    2         
565.50    37        
565.60    -12       
565.70    33        
565.80    -1        
565.90    8         
566.00    39        
566.10    -37       
566.20    -191      
566.30    -44       
566.40    33        
566.50    -80       
566.60    -30       
566.70    -7        
566.80    36        
566.90    -17       
567.00    38        
567.10    -21       
567.20    -13       
567.30    -164      
567.40    2         
567.50    -32       
567.60    -35       
567.70    52        
567.80    38        
567.90    -21       
568.00    -14       
568.10    -39       
568.20    10        
568.30    -2        
568.40    -33       
568.50    66        
568.60    -31       
568.70    -58       
568.80    34        
568.90    71        
569.00    59        
569.10    -18       
569.20    -48       
569.30    -34       
569.40    -114      
569.50    -35       
569.60    -1        
569.70    -5        
569.80    -1        
569.90    -21       
570.00    37        
570.10    -3        
570.20    -68       
570.30    21        
570.40    -27       
570.50    -45       
570.60    9         
570.70    -41       
570.80    -35       
570.90    88        
571.00    -33       
571.10    23        
571.20    -19       
571.30    8         
571.40    -37       
571.50    -38       
571.60    -34       
571.70    -161      
571.80    -170      
571.90    -86       
572.00    44        
572.10    24        
572.20    -15       
572.30    6         
572.40    -70       
572.50    -31       
572.60    -120      
572.70    -5        
572.80    -10       
572.90    -11       
573.00    0         
573.10    -7        
573.20    -80       
573.30    37        
573.40    -18       
573.50    -47       
573.60    -61       
573.70    29        
573.80    -43       
573.90    -32       
574.00    -140      
574.10    15        
574.20    -77       
574.30    -33       
574.40    31        
574.50    -63       
574.60    -17       
574.70    -41       
574.80    16        
574.90    -8        
575.00    9         
575.10    -34       
575.20    -12       
575.30    24        
575.40    45        
575.50    -85       
575.60    -1        
575.70    7         
575.80    41        
575.90    -28       
576.00    -11       
576.10    10        
576.20    -70       
576.30    19        
576.40    65        
576.50    47        
576.60    -1        
576.70    -7        
576.80    -54       
576.90    -58       
577.00    14        
577.10    6         
577.20    -48       
577.30    -27       
577.40    74        
577.50    43        
577.60    -110      
577.70    5         
577.80    -73       
577.90    -17       
578.00    -33       
578.10    20        
578.20    -32       
578.30    -86       
578.40    38        
578.50    28        
578.60    15        
578.70    35        
578.80    12        
578.90    -7        
579.00    -21       
579.10    -110      
579.20    34        
579.30    -33       
579.40    13        
579.50    34        
579.60    61        
579.70    28        
579.80    -10       
579.90    3         
580.00    17        
580.10    21        
580.20    -30       
580.30    7         
580.40    -11       
580.50    59        
580.60    -10       
580.70    12        
580.80    -33       
580.90    44        
581.00    33        
581.10    -15       
581.20    41        
581.30    31        
581.40    -45       
581.50    -1        
581.60    35        
581.70    -36       
581.80    -15       
581.90    26        
582.00    32        
582.10    36        
582.20    0         
582.30    -64       
582.40    26        
582.50    -6        
582.60    -32       
582.70    40        
582.80    27        
582.90    -109      
583.00    -17       
583.10    -109      
583.20    -8        
583.30    -27       
583.40    -15       
583.50    -8        
583.60    12        
583.70    57        
583.80    3         
583.90    56        
584.00    46        
584.10    27        
584.20    -35       
584.30    23        
584.40    22        
584.50    -49       
584.60    -2        
584.70    -22       
584.80    65        
584.90    35        
585.00    -24       
585.10    -30       
585.20    20        
585.30    19        
585.40    -39       
585.50    -22       
585.60    -7        
585.70    -52       
585.80    -70       
585.90    83        
586.00    44        
586.10    45        
586.20    -15       
586.30    -173      
586.40    39        
586.50    -9        
586.60    -21       
586.70    38        
586.80    28        
586.90    18        
587.00    24        
587.10    39        
587.20    -19       
587.30    -5        
587.40    40        
587.50    4         
587.60    47        
587.70    -17       
587.80    59        
587.90    66        
588.00    51        
588.10    55        
588.20    8         
588.30    37        
588.40    68        
588.50    34        
588.60    -57       
588.70    -35       
588.80    33        
588.90    -56       
589.00    -75       
589.10    44        
589.20    36        
589.30    18        
589.40    45        
589.50    8         
589.60    29        
589.70    38        
589.80    -1        
589.90    35        
590.00    -57       
590.10    68        
590.20    51        
590.30    10        
590.40    -8        
590.50    37        
590.60    -5        
590.70    -35       
590.80    38        
590.90    -38       
591.00    26        
591.10    -50       
591.20    89        
591.30    26        
591.40    19        
591.50    -35       
591.60    -47       
591.70    -87       
591.80    17        
591.90    10        
592.00    36        
592.10    -26       
592.20    -17       
592.30    60        
592.40    103       
592.50    -19       
592.60    14        
592.70    -22       
592.80    10        
592.90    -135      
593.00    35        
593.10    56        
593.20    40        
593.30    13        
593.40    35        
593.50    -29       
593.60    29        
593.70    61        
593.80    80        
593.90    23        
594.00    -6        
594.10    46        
594.20    9         
594.30    93        
594.40    59        
594.50    -12       
594.60    42        
594.70    -1        
594.80    -47       
594.90    16        
595.00    11        
595.10    -40       
595.20    77        
595.30    -25       
595.40    80        
595.50    89        
595.60    37        
595.70    65        
595.80    42        
595.90    65        
596.00    -31       
596.10    -18       
596.20    -17       
596.30    50        
596.40    29        
596.50    13        
596.60    32        
596.70    7         
596.80    71        
596.90    -6        
597.00    56        
597.10    42        
597.20    72        
597.30    75        
597.40    11        
597.50    56        
597.60    42        
597.70    64        
597.80    51        
597.90    40        
598.00    62        
598.10    94        
598.20    64        
598.30    -52       
598.40    96        
598.50    73        
598.60    55        
598.70    53        
598.80    81        
598.90    106       
599.00    8         
599.10    94        
599.20    102       
599.30    17        
599.40    -29       
599.50    58        
599.60    30        
599.70    67        
599.80    27        
599.90    146       
600.00    56        
600.10    117       
600.20    15        
600.30    72        
600.40    100       
600.50    108       
600.60    100       
600.70    68        
600.80    76        
600.90    153       
601.00    126       
601.10    94        
601.20    55        
601.30    -3        
601.40    25        
601.50    42        
601.60    87        
601.70    67        
601.80    112       
601.90    14        
602.00    79        
602.10    100       
602.20    136       
602.30    64        
602.40    -33       
602.50    43        
602.60    39        
602.70    -1        
602.80    144       
602.90    161       
603.00    124       
603.10    101       
603.20    108       
603.30    115       
603.40    15        
603.50    32        
603.60    31        
603.70    142       
603.80    116       
603.90    57        
604.00    104       
604.10    119       
604.20    101       
604.30    84        
604.40    73        
604.50    78        
604.60    81        
604.70    167       
604.80    149       
604.90    114       
605.00    102       
605.10    124       
605.20    52        
605.30    130       
605.40    130       
605.50    97        
605.60    11        
605.70    111       
605.80    83        
605.90    126       
606.00    143       
606.10    71        
606.20    205       
606.30    140       
606.40    71        
606.50    125       
606.60    705       
606.70    130       
606.80    154       
606.90    667       
607.00    756       
607.10    162       
607.20    97        
607.30    149       
607.40    175       
607.50    742       
607.60    143       
607.70    70        
607.80    746       
607.90    159       
608.00    718       
608.10    688       
608.20    198       
608.30    44        
608.40    188       
608.50    172       
608.60    683       
608.70    199       
608.80    740       
608.90    753       
609.00    107       
609.10    737       
609.20    714       
609.30    733       
609.40    696       
609.50    706       
609.60    694       
609.70    776       
609.80    758       
609.90    758       
610.00    770       
610.10    755       
610.20    725       
610.30    697       
610.40    728       
610.50    766       
610.60    740       
610.70    765       
610.80    789       
610.90    843       
611.00    723       
611.10    791       
611.20    849       
611.30    811       
611.40    783       
611.50    801       
611.60    825       
611.70    830       
611.80    816       
611.90    841       
612.00    817       
612.10    832       
612.20    845       
612.30    850       
612.40    855       
612.50    788       
612.60    837       
612.70    852       
612.80    861       
612.90    849       
613.00    868       
613.10    803       
613.20    841       
613.30    846       
613.40    845       
613.50    822       
613.60    888       
613.70    849       
613.80    962       
613.90    805       
614.00    976       
614.10    899       
614.20    884       
614.30    844       
614.40    890       
614.50    953       
614.60    880       
614.70    832       
614.80    876       
614.90    876       
615.00    946       
615.10    1003      
615.20    912       
615.30    1036      
615.40    913       
615.50    908       
615.60    926       
615.70    940       
615.80    956       
615.90    957       
616.00    940       
616.10    973       
616.20    1077      
616.30    1015      
616.40    1044      
616.50    957       
616.60    977       
616.70    991       
616.80    1000      
616.90    973       
617.00    1034      
617.10    998       
617.20    1018      
617.30    1107      
617.40    1061      
617.50    1074      
617.60    1052      
617.70    1118      
617.80    1109      
617.90    994       
618.00    1161      
618.10    1092      
618.20    1127      
618.30    1146      
618.40    1140      
618.50    1082      
618.60    1205      
618.70    1163      
618.80    1091      
618.90    1101      
619.00    1137      
619.10    1156      
619.20    1186      
619.30    1133      
619.40    1204      
619.50    1244      
619.60    1211      
619.70    1144      
619.80    1158      
619.90    1138      
620.00    1110      
620.10    1184      
620.20    1209      
620.30    1163      
620.40    1220      
620.50    1276      
620.60    1193      
620.70    1312      
620.80    1160      
620.90    1230      
621.00    1247      
621.10    1234      
621.20    1228      
621.30    1212      
621.40    1215      
621.50    1259      
621.60    1288      
621.70    1256      
621.80    1252      
621.90    1267      
622.00    1395      
622.10    1303      
622.20    1278      
622.30    1295      
622.40    1352      
622.50    1371      
622.60    1339      
622.70    1342      
622.80    1332      
622.90    1349      
623.00    1338      
623.10    1321      
623.20    1443      
623.30    1399      
623.40    1363      
623.50    1379      
623.60    1369      
623.70    1455      
623.80    1458      
623.90    1359      
624.00    1423      
624.10    1401      
624.20    1368      
624.30    1444      
624.40    1438      
624.50    1453      
624.60    1573      
624.70    1476      
624.80    1651      
624.90    1499      
625.00    1493      
625.10    1517      
625.20    1544      
625.30    1588      
625.40    1567      
625.50    1643      
625.60    1600      
625.70    1605      
625.80    1601      
625.90    1618      
626.00    1599      
626.10    1635      
626.20    1600      
626.30    1560      
626.40    1570      
626.50    1620      
626.60    1678      
626.70    1625      
626.80    1664      
626.90    1658      
627.00    1639      
627.10    1712      
627.20    1634      
627.30    1616      
627.40    1578      
627.50    1622      
627.60    1605      
627.70    1643      
627.80    1651      
627.90    1661      
628.00    1796      
628.10    1714      
628.20    1591      
628.30    1598      
628.40    1584      
628.50    1598      
628.60    1608      
628.70    1630      
628.80    1604      
628.90    1634      
629.00    1638      
629.10    1658      
629.20    1604      
629.30    1730      
629.40    1639      
629.50    1660      
629.60    1640      
629.70    1659      
629.80    1638      
629.90    1719      
630.00    1706      
630.10    1662      
630.20    1715      
630.30    1753      
630.40    1642      
630.50    1682      
630.60    1709      
630.70    1681      
630.80    1717      
630.90    1709      
631.00    1770      
631.10    1748      
631.20    1763      
631.30    1720      
631.40    1760      
631.50    1762      
631.60    1770      
631.70    1768      
631.80    1849      
631.90    1793      
632.00    1856      
632.10    1831      
632.20    1855      
632.30    1735      
632.40    1785      
632.50    1838      
632.60    1803      
632.70    1745      
632.80    1840      
632.90    1776      
633.00    1767      
633.10    1774      
633.20    1765      
633.30    1794      
633.40    1722      
633.50    1779      
633.60    1676      
633.70    1663      
633.80    1658      
633.90    1669      
634.00    1667      
634.10    1641      
634.20    1742      
634.30    1766      
634.40    1661      
634.50    1568      
634.60    1587      
634.70    1546      
634.80    1510      
634.90    1539      
635.00    1478      
635.10    1525      
635.20    1529      
635.30    1564      
635.40    1509      
635.50    1458      
635.60    1402      
635.70    1381      
635.80    1372      
635.90    1443      
636.00    1403      
636.10    1386      
636.20    1397      
636.30    1395      
636.40    1435      
636.50    1350      
636.60    1358      
636.70    1302      
636.80    1292      
636.90    1301      
637.00    1278      
637.10    1302      
637.20    1432      
637.30    1327      
637.40    1269      
637.50    1305      
637.60    1352      
637.70    1224      
637.80    1233      
637.90    1237      
638.00    1234      
638.10    1263      
638.20    1232      
638.30    1217      
638.40    1256      
638.50    1309      
638.60    1253      
638.70    1178      
638.80    1137      
638.90    1186      
639.00    1158      
639.10    1194      
639.20    1151      
639.30    1190      
639.40    1149      
639.50    1167      
639.60    1194      
639.70    1167      
639.80    1117      
639.90    1104      
640.00    1092      
640.10    1053      
640.20    1113      
640.30    1068      
640.40    1067      
640.50    1091      
640.60    1066      
640.70    1075      
640.80    1042      
640.90    1105      
641.00    1034      
641.10    1051      
641.20    1034      
641.30    1015      
641.40    1024      
641.50    1090      
641.60    973       
641.70    987       
641.80    974       
641.90    997       
642.00    945       
642.10    945       
642.20    967       
642.30    1020      
642.40    976       
642.50    959       
642.60    1010      
642.70    1003      
642.80    1001      
642.90    947       
643.00    940       
643.10    956       
643.20    909       
643.30    936       
643.40    907       
643.50    919       
643.60    911       
643.70    867       
643.80    835       
643.90    823       
644.00    931       
644.10    838       
644.20    853       
644.30    814       
644.40    830       
644.50    878       
644.60    840       
644.70    920       
644.80    843       
644.90    880       
645.00    849       
645.10    815       
645.20    822       
645.30    786       
645.40    816       
645.50    801       
645.60    844       
645.70    810       
645.80    896       
645.90    814       
646.00    808       
646.10    823       
646.20    785       
646.30    760       
646.40    801       
646.50    806       
646.60    813       
646.70    799       
646.80    771       
646.90    886       
647.00    853       
647.10    716       
647.20    764       
647.30    704       
647.40    693       
647.50    717       
647.60    710       
647.70    825       
647.80    718       
647.90    735       
648.00    828       
648.10    725       
648.20    780       
648.30    680       
648.40    657       
648.50    673       
648.60    715       
648.70    702       
648.80    105       
648.90    784       
649.00    145       
649.10    135       
649.20    681       
649.30    731       
649.40    150       
649.50    173       
649.60    737       
649.70    181       
649.80    153       
649.90    118       
650.00    34        
650.10    775       
650.20    126       
650.30    149       
650.40    133       
650.50    189       
650.60    143       
650.70    146       
650.80    94        
650.90    155       
651.00    48        
651.10    114       
651.20    112       
651.30    93        
651.40    101       
651.50    117       
651.60    95        
651.70    96        
651.80    8         
651.90    95        
652.00    134       
652.10    61        
652.20    25        
652.30    44        
652.40    7         
652.50    99        
652.60    94        
652.70    108       
652.80    80        
652.90    59        
653.00    86        
653.10    -77       
653.20    79        
653.30    77        
653.40    60        
653.50    103       
653.60    88        
653.70    93        
653.80    82        
653.90    33        
654.00    29        
654.10    -15       
654.20    47        
654.30    29        
654.40    51        
654.50    -64       
654.60    80        
654.70    106       
654.80    115       
654.90    17        
655.00    -48       
655.10    15        
655.20    -9        
655.30    -107      
655.40    1         
655.50    -32       
655.60    48        
655.70    99        
655.80    18        
655.90    94        
656.00    50        
656.10    12        
656.20    32        
656.30    -76       
656.40    -22       
656.50    -27       
656.60    -22       
656.70    2         
656.80    15        
656.90    89        
657.00    19        
657.10    24        
657.20    28        
657.30    43        
657.40    5         
657.50    -36       
657.60    56        
657.70    26        
657.80    21        
657.90    39        
658.00    -2        
658.10    -9        
658.20    4         
658.30    -53       
658.40    -5        
658.50    54        
658.60    -104      
658.70    34        
658.80    56        
658.90    37        
659.00    18        
659.10    -16       
659.20    9         
659.30    65        
659.40    -36       
659.50    24        
659.60    45        
659.70    -65       
659.80    58        
659.90    -20       
660.00    101       
660.10    55        
660.20    -13       
660.30    31        
660.40    19        
660.50    -60       
660.60    -25       
660.70    36        
660.80    17        
660.90    35        
661.00    42        
661.10    39        
661.20    27        
661.30    50        
661.40    -8        
661.50    61        
661.60    9         
661.70    39        
661.80    -53       
661.90    77        
662.00    13        
662.10    9         
662.20    50        
662.30    22        
662.40    -3        
662.50    -104      
662.60    8         
662.70    48        
662.80    -21       
662.90    10        
663.00    64        
663.10    93        
663.20    17        
663.30    33        
663.40    -65       
663.50    -23       
663.60    -44       
663.70    41        
663.80    -39       
663.90    -32       
664.00    31        
664.10    -1        
664.20    22        
664.30    26        
664.40    -109      
664.50    36        
664.60    -3        
664.70    -3        
664.80    -10       
664.90    -128      
665.00    64        
665.10    23        
665.20    8         
665.30    8         
665.40    28        
665.50    62        
665.60    -49       
665.70    18        
665.80    13        
665.90    19        
666.00    36        
666.10    -39       
666.20    -3        
666.30    24        
666.40    -10       
666.50    -1        
666.60    -17       
666.70    -106      
666.80    -3        
666.90    17        
667.00    -10       
667.10    -26       
667.20    11        
667.30    23        
667.40    -15       
667.50    -30       
667.60    19        
667.70    -58       
667.80    -1        
667.90    3         
668.00    -17       
668.10    54        
668.20    72        
668.30    50        
668.40    33        
668.50    49        
668.60    -4        
668.70    31        
668.80    -69       
668.90    36        
669.00    6         
669.10    13        
669.20    18        
669.30    -19       
669.40    27        
669.50    27        
669.60    -41       
669.70    3         
669.80    -10       
669.90    -59       
670.00    -63       
670.10    44        
670.20    12        
670.30    69        
670.40    21        
670.50    -15       
670.60    36        
670.70    -60       
670.80    -19       
670.90    47        
671.00    9         
671.10    12        
671.20    29        
671.30    -6        
671.40    30        
671.50    83        
671.60    -12       
671.70    -18       
671.80    -30       
671.90    -156      
672.00    15        
672.10    44        
672.20    -55       
672.30    8         
672.40    39        
672.50    1         
672.60    31        
672.70    -13       
672.80    -48       
672.90    18        
673.00    -141      
673.10    26        
673.20    -126      
673.30    5         
673.40    63        
673.50    -9        
673.60    30        
673.70    -27       
673.80    -104      
673.90    -14       
674.00    27        
674.10    24        
674.20    -4        
674.30    30        
674.40    59        
674.50    -43       
674.60    -3        
674.70    7         
674.80    54        
674.90    59        
675.00    55        
675.10    29        
675.20    1         
675.30    9         
675.40    -58       
675.50    -25       
675.60    22        
675.70    14        
675.80    -2        
675.90    16        
676.00    -59       
676.10    -122      
676.20    -8        
676.30    27        
676.40    20        
676.50    -13       
676.60    12        
676.70    37        
676.80    -25       
676.90    6         
677.00    -40       
677.10    -93       
677.20    -26       
677.30    -46       
677.40    6         
677.50    0         
677.60    42        
677.70    57        
677.80    -26       
677.90    -11       
678.00    30        
678.10    18        
678.20    -55       
678.30    30        
678.40    -44       
678.50    24        
678.60    -54       
678.70    -11       
678.80    29        
678.90    -47       
679.00    6         
679.10    -21       
679.20    46        
679.30    20        
679.40    -32       
679.50    -46       
679.60    60        
679.70    -32       
679.80    22        
679.90    -18       
680.00    -2        
680.10    7         
680.20    -54       
680.30    -99       
680.40    -6        
680.50    18        
680.60    7         
680.70    45        
680.80    -17       
680.90    -12       
681.00    28        
681.10    -22       
681.20    17        
681.30    -42       
681.40    -46       
681.50    3         
681.60    -91       
681.70    -17       
681.80    46        
681.90    26        
682.00    -9        
682.10    36        
682.20    16        
682.30    -26       
682.40    -27       
682.50    -50       
682.60    -9        
682.70    -5        
682.80    -21       
682.90    50        
683.00    27        
683.10    -43       
683.20    -68       
683.30    -32       
683.40    -158      
683.50    37        
683.60    -76       
683.70    -8        
683.80    36        
683.90    -67       
684.00    38        
684.10    -40       
684.20    -3        
684.30    -94       
684.40    -59       
684.50    -13       
684.60    -13       
684.70    2         
684.80    2         
684.90    30        
685.00    -5        
685.10    2         
685.20    -42       
685.30    -20       
685.40    -25       
685.50    -56       
685.60    7         
685.70    19        
685.80    35        
685.90    22        
686.00    25        
686.10    -19       
686.20    18        
686.30    -34       
686.40    -31       
686.50    -48       
686.60    29        
686.70    -62       
686.80    3         
686.90    3         
687.00    39        
687.10    -32       
687.20    -11       
687.30    -20       
687.40    -18       
687.50    -42       
687.60    4         
687.70    -126      
687.80    -5        
687.90    30        
688.00    -25       
688.10    33        
688.20    -32       
688.30    -21       
688.40    43        
688.50    -164      
688.60    -4        
688.70    -28       
688.80    20        
688.90    19        
689.00    30        
689.10    -10       
689.20    -6        
689.30    -30       
689.40    -73       
689.50    -5        
689.60    -64       
689.70    18        
689.80    -16       
689.90    8         
690.00    32        
