曲线1               
波长      数值      
390.00    32        
390.10    9         
390.20    -52       
390.30    71        
390.40    21        
390.50    -9        
390.60    -42       
390.70    -63       
390.80    23        
390.90    11        
391.00    42        
391.10    44        
391.20    -135      
391.30    -40       
391.40    -80       
391.50    -20       
391.60    -93       
391.70    8         
391.80    -18       
391.90    -36       
392.00    -19       
392.10    -38       
392.20    46        
392.30    5         
392.40    -8        
392.50    6         
392.60    -34       
392.70    -56       
392.80    24        
392.90    -67       
393.00    -53       
393.10    33        
393.20    52        
393.30    5         
393.40    -139      
393.50    -20       
393.60    -17       
393.70    -90       
393.80    47        
393.90    -21       
394.00    25        
394.10    -55       
394.20    -10       
394.30    2         
394.40    -7        
394.50    30        
394.60    -18       
394.70    13        
394.80    -14       
394.90    -53       
395.00    11        
395.10    9         
395.20    -72       
395.30    -161      
395.40    -53       
395.50    17        
395.60    -50       
395.70    12        
395.80    -36       
395.90    -46       
396.00    58        
396.10    28        
396.20    35        
396.30    39        
396.40    32        
396.50    45        
396.60    39        
396.70    -49       
396.80    35        
396.90    -22       
397.00    -17       
397.10    -13       
397.20    -35       
397.30    0         
397.40    -96       
397.50    -36       
397.60    35        
397.70    -7        
397.80    11        
397.90    -38       
398.00    29        
398.10    -41       
398.20    -13       
398.30    3         
398.40    18        
398.50    -39       
398.60    -9        
398.70    0         
398.80    66        
398.90    -159      
399.00    4         
399.10    36        
399.20    -20       
399.30    -113      
399.40    2         
399.50    19        
399.60    29        
399.70    -10       
399.80    -44       
399.90    9         
400.00    -46       
400.10    19        
400.20    -53       
400.30    -28       
400.40    -79       
400.50    9         
400.60    -57       
400.70    -145      
400.80    16        
400.90    20        
401.00    -12       
401.10    42        
401.20    -16       
401.30    33        
401.40    -48       
401.50    47        
401.60    -39       
401.70    23        
401.80    37        
401.90    -88       
402.00    29        
402.10    -7        
402.20    -19       
402.30    1         
402.40    -12       
402.50    -24       
402.60    22        
402.70    -17       
402.80    9         
402.90    35        
403.00    -42       
403.10    19        
403.20    -7        
403.30    36        
403.40    -4        
403.50    -9        
403.60    48        
403.70    -34       
403.80    20        
403.90    -18       
404.00    15        
404.10    -34       
404.20    21        
404.30    44        
404.40    -35       
404.50    -15       
404.60    -58       
404.70    14        
404.80    -132      
404.90    -67       
405.00    -10       
405.10    -25       
405.20    27        
405.30    -14       
405.40    -20       
405.50    6         
405.60    -38       
405.70    -41       
405.80    62        
405.90    -45       
406.00    -26       
406.10    -47       
406.20    -76       
406.30    -117      
406.40    26        
406.50    -59       
406.60    54        
406.70    33        
406.80    55        
406.90    -31       
407.00    -51       
407.10    -28       
407.20    8         
407.30    -62       
407.40    31        
407.50    44        
407.60    49        
407.70    24        
407.80    -89       
407.90    -6        
408.00    30        
408.10    -62       
408.20    58        
408.30    24        
408.40    -36       
408.50    24        
408.60    66        
408.70    22        
408.80    32        
408.90    -54       
409.00    -66       
409.10    -8        
409.20    -37       
409.30    -16       
409.40    4         
409.50    -37       
409.60    -13       
409.70    54        
409.80    -33       
409.90    24        
410.00    46        
410.10    17        
410.20    43        
410.30    -31       
410.40    65        
410.50    25        
410.60    -12       
410.70    -40       
410.80    -62       
410.90    -9        
411.00    74        
411.10    -8        
411.20    76        
411.30    -15       
411.40    -33       
411.50    22        
411.60    62        
411.70    18        
411.80    -20       
411.90    5         
412.00    -9        
412.10    40        
412.20    36        
412.30    40        
412.40    59        
412.50    33        
412.60    89        
412.70    -33       
412.80    -8        
412.90    -19       
413.00    4         
413.10    62        
413.20    22        
413.30    40        
413.40    46        
413.50    -82       
413.60    73        
413.70    -40       
413.80    67        
413.90    43        
414.00    -12       
414.10    54        
414.20    65        
414.30    27        
414.40    59        
414.50    45        
414.60    -19       
414.70    63        
414.80    66        
414.90    -14       
415.00    11        
415.10    35        
415.20    7         
415.30    96        
415.40    3         
415.50    6         
415.60    26        
415.70    37        
415.80    91        
415.90    -6        
416.00    63        
416.10    83        
416.20    55        
416.30    -15       
416.40    69        
416.50    97        
416.60    37        
416.70    86        
416.80    25        
416.90    101       
417.00    71        
417.10    53        
417.20    48        
417.30    84        
417.40    46        
417.50    25        
417.60    100       
417.70    127       
417.80    48        
417.90    60        
418.00    66        
418.10    20        
418.20    11        
418.30    45        
418.40    63        
418.50    29        
418.60    68        
418.70    45        
418.80    153       
418.90    94        
419.00    113       
419.10    78        
419.20    91        
419.30    64        
419.40    87        
419.50    64        
419.60    86        
419.70    154       
419.80    113       
419.90    154       
420.00    98        
420.10    87        
420.20    81        
420.30    121       
420.40    89        
420.50    155       
420.60    92        
420.70    160       
420.80    195       
420.90    157       
421.00    693       
421.10    151       
421.20    135       
421.30    741       
421.40    152       
421.50    113       
421.60    195       
421.70    99        
421.80    758       
421.90    703       
422.00    163       
422.10    660       
422.20    156       
422.30    691       
422.40    700       
422.50    106       
422.60    753       
422.70    155       
422.80    733       
422.90    99        
423.00    794       
423.10    665       
423.20    672       
423.30    752       
423.40    133       
423.50    742       
423.60    801       
423.70    106       
423.80    758       
423.90    733       
424.00    830       
424.10    742       
424.20    698       
424.30    726       
424.40    738       
424.50    731       
424.60    764       
424.70    796       
424.80    772       
424.90    774       
425.00    905       
425.10    768       
425.20    837       
425.30    815       
425.40    810       
425.50    806       
425.60    808       
425.70    777       
425.80    888       
425.90    863       
426.00    803       
426.10    832       
426.20    834       
426.30    856       
426.40    805       
426.50    853       
426.60    867       
426.70    826       
426.80    926       
426.90    858       
427.00    924       
427.10    915       
427.20    904       
427.30    901       
427.40    904       
427.50    949       
427.60    890       
427.70    965       
427.80    933       
427.90    944       
428.00    975       
428.10    1008      
428.20    968       
428.30    954       
428.40    960       
428.50    1002      
428.60    932       
428.70    980       
428.80    1042      
428.90    999       
429.00    972       
429.10    1041      
429.20    1079      
429.30    1100      
429.40    1065      
429.50    1063      
429.60    1068      
429.70    1062      
429.80    1091      
429.90    1071      
430.00    1096      
430.10    1156      
430.20    1110      
430.30    1176      
430.40    1170      
430.50    1139      
430.60    1150      
430.70    1117      
430.80    1124      
430.90    1173      
431.00    1181      
431.10    1193      
431.20    1197      
431.30    1233      
431.40    1241      
431.50    1225      
431.60    1173      
431.70    1232      
431.80    1251      
431.90    1202      
432.00    1329      
432.10    1291      
432.20    1295      
432.30    1298      
432.40    1287      
432.50    1318      
432.60    1357      
432.70    1326      
432.80    1337      
432.90    1344      
433.00    1317      
433.10    1372      
433.20    1425      
433.30    1440      
433.40    1411      
433.50    1447      
433.60    1440      
433.70    1470      
433.80    1488      
433.90    1497      
434.00    1536      
434.10    1539      
434.20    1573      
434.30    1547      
434.40    1585      
434.50    1540      
434.60    1559      
434.70    1661      
434.80    1616      
434.90    1631      
435.00    1677      
435.10    1602      
435.20    1635      
435.30    1697      
435.40    1758      
435.50    1751      
435.60    1744      
435.70    1795      
435.80    1772      
435.90    1774      
436.00    1803      
436.10    1827      
436.20    1823      
436.30    1862      
436.40    1804      
436.50    1895      
436.60    1887      
436.70    1972      
436.80    1899      
436.90    1996      
437.00    1980      
437.10    1997      
437.20    1974      
437.30    2026      
437.40    2026      
437.50    2032      
437.60    2165      
437.70    2050      
437.80    2063      
437.90    2140      
438.00    2219      
438.10    2213      
438.20    2254      
438.30    2194      
438.40    2323      
438.50    2229      
438.60    2265      
438.70    2292      
438.80    2302      
438.90    2439      
439.00    2368      
439.10    2440      
439.20    2431      
439.30    2447      
439.40    2513      
439.50    2461      
439.60    2441      
439.70    2590      
439.80    2602      
439.90    2626      
440.00    2591      
440.10    2669      
440.20    2632      
440.30    2702      
440.40    2743      
440.50    2777      
440.60    2789      
440.70    2710      
440.80    2806      
440.90    2893      
441.00    2883      
441.10    2918      
441.20    3018      
441.30    3014      
441.40    3005      
441.50    3092      
441.60    3127      
441.70    3077      
441.80    3652      
441.90    3643      
442.00    3632      
442.10    3693      
442.20    3685      
442.30    3698      
442.40    3763      
442.50    3830      
442.60    3710      
442.70    3683      
442.80    3659      
442.90    3729      
443.00    3661      
443.10    3750      
443.20    3704      
443.30    3705      
443.40    3760      
443.50    3754      
443.60    3808      
443.70    3739      
443.80    3731      
443.90    3724      
444.00    3722      
444.10    3702      
444.20    3734      
444.30    3807      
444.40    3768      
444.50    3799      
444.60    3818      
444.70    3844      
444.80    3742      
444.90    3766      
445.00    3717      
445.10    3742      
445.20    3745      
445.30    3734      
445.40    3756      
445.50    3783      
445.60    3862      
445.70    3799      
445.80    3823      
445.90    3771      
446.00    3803      
446.10    3792      
446.20    3789      
446.30    3775      
446.40    3787      
446.50    3829      
446.60    3777      
446.70    3823      
446.80    3784      
446.90    3817      
447.00    3841      
447.10    3793      
447.20    3768      
447.30    3774      
447.40    3822      
447.50    3778      
447.60    3839      
447.70    3767      
447.80    3772      
447.90    3837      
448.00    3847      
448.10    3826      
448.20    3786      
448.30    3772      
448.40    3791      
448.50    3770      
448.60    3842      
448.70    3816      
448.80    3836      
448.90    3862      
449.00    3858      
449.10    3850      
449.20    3775      
449.30    3838      
449.40    3813      
449.50    3816      
449.60    3760      
449.70    3768      
449.80    3838      
449.90    3840      
450.00    3834      
450.10    3816      
450.20    3847      
450.30    3823      
450.40    3829      
450.50    3764      
450.60    3752      
450.70    3793      
450.80    3769      
450.90    3833      
451.00    3824      
451.10    3857      
451.20    3798      
451.30    3808      
451.40    3776      
451.50    3813      
451.60    3776      
451.70    3761      
451.80    3766      
451.90    3748      
452.00    3860      
452.10    3771      
452.20    3776      
452.30    3775      
452.40    3784      
452.50    3797      
452.60    3742      
452.70    3751      
452.80    3790      
452.90    3739      
453.00    3730      
453.10    3768      
453.20    3775      
453.30    3760      
453.40    3777      
453.50    3734      
453.60    3733      
453.70    3800      
453.80    3728      
453.90    3731      
454.00    3749      
454.10    3741      
454.20    3781      
454.30    3736      
454.40    3735      
454.50    3792      
454.60    3745      
454.70    3704      
454.80    3688      
454.90    3670      
455.00    3721      
455.10    3734      
455.20    3672      
455.30    3691      
455.40    3632      
455.50    3639      
455.60    3646      
455.70    3589      
455.80    3582      
455.90    3652      
456.00    3552      
456.10    3627      
456.20    3631      
456.30    3596      
456.40    3543      
456.50    3599      
456.60    3521      
456.70    3665      
456.80    3537      
456.90    3475      
457.00    3521      
457.10    3294      
457.20    2819      
457.30    2788      
457.40    2759      
457.50    2688      
457.60    2757      
457.70    2714      
457.80    2756      
457.90    2654      
458.00    2619      
458.10    2599      
458.20    2621      
458.30    2539      
458.40    2552      
458.50    2530      
458.60    2559      
458.70    2524      
458.80    2534      
458.90    2494      
459.00    2458      
459.10    2481      
459.20    2419      
459.30    2399      
459.40    2366      
459.50    2370      
459.60    2317      
459.70    2320      
459.80    2348      
459.90    2374      
460.00    2330      
460.10    2341      
460.20    2244      
460.30    2275      
460.40    2215      
460.50    2266      
460.60    2260      
460.70    2237      
460.80    2162      
460.90    2203      
461.00    2234      
461.10    2259      
461.20    2237      
461.30    2135      
461.40    2208      
461.50    2117      
461.60    2096      
461.70    2110      
461.80    2071      
461.90    2094      
462.00    2098      
462.10    2077      
462.20    2095      
462.30    2178      
462.40    1987      
462.50    2084      
462.60    2022      
462.70    2005      
462.80    2042      
462.90    1973      
463.00    2061      
463.10    2006      
463.20    2003      
463.30    1974      
463.40    1977      
463.50    1926      
463.60    1962      
463.70    1993      
463.80    1895      
463.90    1912      
464.00    1889      
464.10    1892      
464.20    1871      
464.30    1883      
464.40    1901      
464.50    1850      
464.60    1910      
464.70    1881      
464.80    1873      
464.90    1805      
465.00    1795      
465.10    1804      
465.20    1858      
465.30    1775      
465.40    1818      
465.50    1767      
465.60    1899      
465.70    1743      
465.80    1814      
465.90    1729      
466.00    1708      
466.10    1753      
466.20    1704      
466.30    1697      
466.40    1745      
466.50    1696      
466.60    1621      
466.70    1666      
466.80    1618      
466.90    1650      
467.00    1562      
467.10    1611      
467.20    1646      
467.30    1552      
467.40    1683      
467.50    1678      
467.60    1564      
467.70    1617      
467.80    1565      
467.90    1532      
468.00    1531      
468.10    1493      
468.20    1603      
468.30    1580      
468.40    1539      
468.50    1535      
468.60    1572      
468.70    1515      
468.80    1520      
468.90    1519      
469.00    1428      
469.10    1434      
469.20    1388      
469.30    1401      
469.40    1430      
469.50    1381      
469.60    1481      
469.70    1431      
469.80    1468      
469.90    1417      
470.00    1350      
470.10    1340      
470.20    1310      
470.30    1338      
470.40    1306      
470.50    1340      
470.60    1319      
470.70    1335      
470.80    1350      
470.90    1329      
471.00    1343      
471.10    1357      
471.20    1360      
471.30    1277      
471.40    1227      
471.50    1295      
471.60    1294      
471.70    1218      
471.80    1201      
471.90    1342      
472.00    1262      
472.10    1238      
472.20    1225      
472.30    1207      
472.40    1186      
472.50    1158      
472.60    1175      
472.70    1197      
472.80    1174      
472.90    1233      
473.00    1207      
473.10    1156      
473.20    1147      
473.30    1196      
473.40    1193      
473.50    1134      
473.60    1190      
473.70    1135      
473.80    1162      
473.90    1092      
474.00    1166      
474.10    1114      
474.20    1131      
474.30    1084      
474.40    1136      
474.50    1062      
474.60    1071      
474.70    1065      
474.80    1080      
474.90    1075      
475.00    1053      
475.10    1087      
475.20    1039      
475.30    1095      
475.40    1097      
475.50    1022      
475.60    1108      
475.70    1027      
475.80    999       
475.90    991       
476.00    1020      
476.10    1119      
476.20    1122      
476.30    1149      
476.40    1032      
476.50    992       
476.60    1106      
476.70    1015      
476.80    1000      
476.90    998       
477.00    1004      
477.10    1009      
477.20    978       
477.30    963       
477.40    950       
477.50    1059      
477.60    996       
477.70    992       
477.80    1034      
477.90    1010      
478.00    978       
478.10    993       
478.20    1021      
478.30    957       
478.40    991       
478.50    1013      
478.60    982       
478.70    1034      
478.80    963       
478.90    975       
479.00    965       
479.10    927       
479.20    901       
479.30    957       
479.40    912       
479.50    985       
479.60    946       
479.70    987       
479.80    933       
479.90    984       
480.00    1028      
480.10    988       
480.20    923       
480.30    936       
480.40    1031      
480.50    888       
480.60    899       
480.70    965       
480.80    1045      
480.90    926       
481.00    899       
481.10    927       
481.20    911       
481.30    882       
481.40    902       
481.50    891       
481.60    916       
481.70    933       
481.80    922       
481.90    911       
482.00    920       
482.10    965       
482.20    863       
482.30    941       
482.40    864       
482.50    890       
482.60    883       
482.70    867       
482.80    941       
482.90    884       
483.00    951       
483.10    950       
483.20    898       
483.30    883       
483.40    892       
483.50    884       
483.60    857       
483.70    858       
483.80    871       
483.90    886       
484.00    892       
484.10    987       
484.20    941       
484.30    894       
484.40    849       
484.50    914       
484.60    860       
484.70    901       
484.80    894       
484.90    874       
485.00    905       
485.10    954       
485.20    913       
485.30    853       
485.40    874       
485.50    870       
485.60    898       
485.70    845       
485.80    880       
485.90    870       
486.00    859       
486.10    982       
486.20    895       
486.30    855       
486.40    877       
486.50    844       
486.60    892       
486.70    860       
486.80    870       
486.90    888       
487.00    833       
487.10    903       
487.20    924       
487.30    844       
487.40    907       
487.50    862       
487.60    847       
487.70    833       
487.80    844       
487.90    847       
488.00    893       
488.10    812       
488.20    970       
488.30    843       
488.40    869       
488.50    902       
488.60    988       
488.70    936       
488.80    914       
488.90    869       
489.00    836       
489.10    856       
489.20    870       
489.30    860       
489.40    867       
489.50    946       
489.60    915       
489.70    823       
489.80    890       
489.90    825       
490.00    834       
490.10    834       
490.20    897       
490.30    874       
490.40    850       
490.50    914       
490.60    882       
490.70    987       
490.80    859       
490.90    978       
491.00    823       
491.10    839       
491.20    869       
491.30    898       
491.40    878       
491.50    1001      
491.60    956       
491.70    902       
491.80    917       
491.90    858       
492.00    889       
492.10    925       
492.20    836       
492.30    821       
492.40    928       
492.50    879       
492.60    886       
492.70    856       
492.80    926       
492.90    850       
493.00    874       
493.10    858       
493.20    845       
493.30    875       
493.40    877       
493.50    932       
493.60    896       
493.70    932       
493.80    1005      
493.90    997       
494.00    913       
494.10    874       
494.20    986       
494.30    878       
494.40    912       
494.50    900       
494.60    844       
494.70    927       
494.80    920       
494.90    902       
495.00    975       
495.10    942       
495.20    928       
495.30    981       
495.40    855       
495.50    910       
495.60    894       
495.70    904       
495.80    916       
495.90    918       
496.00    909       
496.10    928       
496.20    948       
496.30    988       
496.40    893       
496.50    860       
496.60    888       
496.70    909       
496.80    921       
496.90    950       
497.00    919       
497.10    979       
497.20    980       
497.30    959       
497.40    956       
497.50    914       
497.60    933       
497.70    887       
497.80    950       
497.90    935       
498.00    1009      
498.10    937       
498.20    1025      
498.30    979       
498.40    964       
498.50    942       
498.60    974       
498.70    964       
498.80    910       
498.90    941       
499.00    917       
499.10    980       
499.20    984       
499.30    962       
499.40    959       
499.50    942       
499.60    1092      
499.70    918       
499.80    978       
499.90    922       
500.00    1024      
500.10    954       
500.20    979       
500.30    1029      
500.40    1009      
500.50    984       
500.60    972       
500.70    1087      
500.80    925       
500.90    966       
501.00    950       
501.10    978       
501.20    975       
501.30    965       
501.40    993       
501.50    1003      
501.60    1011      
501.70    1074      
501.80    970       
501.90    1008      
502.00    1005      
502.10    941       
502.20    995       
502.30    1005      
502.40    1005      
502.50    1030      
502.60    997       
502.70    1018      
502.80    968       
502.90    1043      
503.00    981       
503.10    985       
503.20    1036      
503.30    1008      
503.40    998       
503.50    1028      
503.60    980       
503.70    1052      
503.80    986       
503.90    1014      
504.00    976       
504.10    1057      
504.20    1040      
504.30    985       
504.40    974       
504.50    1027      
504.60    1055      
504.70    1004      
504.80    1014      
504.90    1055      
505.00    1061      
505.10    953       
505.20    978       
505.30    1010      
505.40    1037      
505.50    1057      
505.60    1067      
505.70    1041      
505.80    1043      
505.90    1055      
506.00    1093      
506.10    1097      
506.20    1019      
506.30    1020      
506.40    1049      
506.50    994       
506.60    1062      
506.70    1044      
506.80    1074      
506.90    1151      
507.00    1037      
507.10    1094      
507.20    1074      
507.30    1118      
507.40    1004      
507.50    1066      
507.60    1038      
507.70    1080      
507.80    1021      
507.90    1171      
508.00    1024      
508.10    1013      
508.20    1094      
508.30    1017      
508.40    1029      
508.50    1017      
508.60    1094      
508.70    1039      
508.80    1057      
508.90    1082      
509.00    1047      
509.10    1120      
509.20    1068      
509.30    1040      
509.40    1076      
509.50    1054      
509.60    1038      
509.70    1010      
509.80    1102      
509.90    1129      
510.00    1099      
510.10    1076      
510.20    1173      
510.30    1062      
510.40    1109      
510.50    1070      
510.60    1046      
510.70    1053      
510.80    1071      
510.90    1083      
511.00    1056      
511.10    1088      
511.20    1018      
511.30    1089      
511.40    1077      
511.50    1074      
511.60    1026      
511.70    1095      
511.80    1094      
511.90    1105      
512.00    1040      
512.10    1110      
512.20    1111      
512.30    1032      
512.40    1106      
512.50    1114      
512.60    1130      
512.70    1106      
512.80    1070      
512.90    1065      
513.00    1105      
513.10    1158      
513.20    1067      
513.30    1128      
513.40    1095      
513.50    1099      
513.60    1109      
513.70    1192      
513.80    1073      
513.90    1027      
514.00    1085      
514.10    1122      
514.20    1149      
514.30    1127      
514.40    1118      
514.50    1168      
514.60    1124      
514.70    1182      
514.80    1126      
514.90    1060      
515.00    1083      
515.10    1129      
515.20    1124      
515.30    1120      
515.40    1118      
515.50    1145      
515.60    1114      
515.70    1101      
515.80    1171      
515.90    1077      
516.00    1098      
516.10    1140      
516.20    1094      
516.30    1079      
516.40    1133      
516.50    1192      
516.60    1207      
516.70    1293      
516.80    1127      
516.90    1150      
517.00    1124      
517.10    1139      
517.20    1092      
517.30    1100      
517.40    1112      
517.50    1151      
517.60    1062      
517.70    1188      
517.80    1130      
517.90    1128      
518.00    1126      
518.10    1259      
518.20    1165      
518.30    1148      
518.40    1167      
518.50    1122      
518.60    1166      
518.70    1128      
518.80    1108      
518.90    1128      
519.00    1121      
519.10    1164      
519.20    1215      
519.30    1125      
519.40    1135      
519.50    1174      
519.60    1149      
519.70    1110      
519.80    1161      
519.90    1063      
520.00    1106      
520.10    1153      
520.20    1108      
520.30    1089      
520.40    1114      
520.50    1078      
520.60    1160      
520.70    1081      
520.80    1174      
520.90    1113      
521.00    1174      
521.10    1082      
521.20    1189      
521.30    1157      
521.40    1143      
521.50    1106      
521.60    1149      
521.70    1133      
521.80    1127      
521.90    1130      
522.00    1146      
522.10    1223      
522.20    1139      
522.30    1150      
522.40    1111      
522.50    1229      
522.60    1102      
522.70    1172      
522.80    1149      
522.90    1120      
523.00    1225      
523.10    1189      
523.20    1101      
523.30    1105      
523.40    1069      
523.50    1158      
523.60    1078      
523.70    1091      
523.80    1149      
523.90    1115      
524.00    1177      
524.10    1109      
524.20    1122      
524.30    1256      
524.40    1176      
524.50    1131      
524.60    1156      
524.70    1107      
524.80    1097      
524.90    1119      
525.00    1161      
525.10    1112      
525.20    1193      
525.30    1092      
525.40    1162      
525.50    1134      
525.60    1176      
525.70    1165      
525.80    1170      
525.90    1129      
526.00    1075      
526.10    1105      
526.20    1151      
526.30    1195      
526.40    1075      
526.50    1121      
526.60    1148      
526.70    1130      
526.80    1076      
526.90    1101      
527.00    1125      
527.10    1136      
527.20    1099      
527.30    1082      
527.40    1256      
527.50    1119      
527.60    1130      
527.70    1110      
527.80    1134      
527.90    1162      
528.00    1088      
528.10    1151      
528.20    1103      
528.30    1115      
528.40    1201      
528.50    1157      
528.60    1236      
528.70    1145      
528.80    1093      
528.90    1103      
529.00    1161      
529.10    1092      
529.20    1116      
529.30    1156      
529.40    1133      
529.50    1193      
529.60    1132      
529.70    1161      
529.80    1185      
529.90    1083      
530.00    1174      
530.10    1108      
530.20    1103      
530.30    1081      
530.40    1093      
530.50    1079      
530.60    1213      
530.70    1192      
530.80    1107      
530.90    1136      
531.00    1090      
531.10    1110      
531.20    1104      
531.30    1281      
531.40    1138      
531.50    1093      
531.60    1171      
531.70    1110      
531.80    1128      
531.90    1174      
532.00    1129      
532.10    1203      
532.20    1072      
532.30    1122      
532.40    1064      
532.50    1082      
532.60    1101      
532.70    1093      
532.80    1133      
532.90    1156      
533.00    1107      
533.10    1115      
533.20    1131      
533.30    1104      
533.40    1105      
533.50    1077      
533.60    1106      
533.70    1141      
533.80    1104      
533.90    1159      
534.00    1181      
534.10    1127      
534.20    1096      
534.30    1112      
534.40    1094      
534.50    1105      
534.60    1047      
534.70    1075      
534.80    1080      
534.90    1193      
535.00    1152      
535.10    1070      
535.20    1098      
535.30    1111      
535.40    1126      
535.50    1101      
535.60    1102      
535.70    1092      
535.80    1107      
535.90    1160      
536.00    1197      
536.10    1103      
536.20    1164      
536.30    1131      
536.40    1181      
536.50    1161      
536.60    1070      
536.70    1079      
536.80    1099      
536.90    1095      
537.00    1122      
537.10    1096      
537.20    1169      
537.30    1131      
537.40    1150      
537.50    1117      
537.60    1062      
537.70    1060      
537.80    1144      
537.90    1103      
538.00    1088      
538.10    1103      
538.20    1123      
538.30    1143      
538.40    1095      
538.50    1052      
538.60    1094      
538.70    1108      
538.80    1066      
538.90    1084      
539.00    1082      
539.10    1077      
539.20    1155      
539.30    1197      
539.40    1111      
539.50    1171      
539.60    1114      
539.70    1104      
539.80    1155      
539.90    1070      
540.00    1048      
540.10    1139      
540.20    1120      
540.30    1130      
540.40    1124      
540.50    1212      
540.60    1067      
540.70    1084      
540.80    1071      
540.90    1108      
541.00    1050      
541.10    1071      
541.20    1040      
541.30    1136      
541.40    1185      
541.50    1129      
541.60    1136      
541.70    1118      
541.80    1043      
541.90    1010      
542.00    1109      
542.10    1048      
542.20    1080      
542.30    1085      
542.40    1074      
542.50    1065      
542.60    1094      
542.70    1108      
542.80    1078      
542.90    1101      
543.00    1065      
543.10    1006      
543.20    1078      
543.30    1106      
543.40    1095      
543.50    1123      
543.60    1033      
543.70    1219      
543.80    1136      
543.90    1039      
544.00    1066      
544.10    1066      
544.20    1092      
544.30    1073      
544.40    1113      
544.50    1015      
544.60    1114      
544.70    1111      
544.80    1094      
544.90    1161      
545.00    1055      
545.10    1050      
545.20    1030      
545.30    990       
545.40    1036      
545.50    1065      
545.60    1066      
545.70    1039      
545.80    1150      
545.90    1181      
546.00    1025      
546.10    1095      
546.20    1119      
546.30    1053      
546.40    1084      
546.50    1087      
546.60    1050      
546.70    1081      
546.80    1134      
546.90    1019      
547.00    1082      
547.10    1120      
547.20    1031      
547.30    1020      
547.40    1025      
547.50    1022      
547.60    1031      
547.70    1003      
547.80    1098      
547.90    1077      
548.00    1037      
548.10    1070      
548.20    1043      
548.30    1170      
548.40    1027      
548.50    1015      
548.60    1022      
548.70    1036      
548.80    1057      
548.90    1142      
549.00    1095      
549.10    1106      
549.20    1009      
549.30    1091      
549.40    1079      
549.50    1078      
549.60    1010      
549.70    1062      
549.80    1013      
549.90    1042      
550.00    1071      
550.10    1027      
550.20    1062      
550.30    1126      
550.40    1035      
550.50    1046      
550.60    1010      
550.70    995       
550.80    1068      
550.90    999       
551.00    1005      
551.10    1097      
551.20    1024      
551.30    1098      
551.40    1015      
551.50    1002      
551.60    1007      
551.70    999       
551.80    1032      
551.90    1069      
552.00    1035      
552.10    1138      
552.20    1065      
552.30    1034      
552.40    1034      
552.50    1076      
552.60    1079      
552.70    1042      
552.80    1008      
552.90    991       
553.00    1024      
553.10    1062      
553.20    1032      
553.30    1011      
553.40    1069      
553.50    1059      
553.60    1099      
553.70    1048      
553.80    1026      
553.90    965       
554.00    1041      
554.10    999       
554.20    1166      
554.30    1085      
554.40    1008      
554.50    993       
554.60    1023      
554.70    1015      
554.80    1003      
554.90    964       
555.00    985       
555.10    1057      
555.20    966       
555.30    1080      
555.40    1134      
555.50    1047      
555.60    1011      
555.70    1025      
555.80    1037      
555.90    1016      
556.00    979       
556.10    986       
556.20    1014      
556.30    1045      
556.40    973       
556.50    1067      
556.60    1037      
556.70    1033      
556.80    1018      
556.90    1142      
557.00    1044      
557.10    1062      
557.20    958       
557.30    1025      
557.40    994       
557.50    1048      
557.60    1081      
557.70    1021      
557.80    1151      
557.90    983       
558.00    1010      
558.10    990       
558.20    1094      
558.30    1039      
558.40    965       
558.50    999       
558.60    1017      
558.70    1024      
558.80    965       
558.90    1008      
559.00    977       
559.10    970       
559.20    982       
559.30    940       
559.40    946       
559.50    1003      
559.60    926       
559.70    968       
559.80    947       
559.90    989       
560.00    969       
560.10    982       
560.20    953       
560.30    961       
560.40    939       
560.50    1013      
560.60    1016      
560.70    959       
560.80    993       
560.90    999       
561.00    1013      
561.10    1003      
561.20    1003      
561.30    972       
561.40    971       
561.50    952       
561.60    976       
561.70    980       
561.80    1077      
561.90    979       
562.00    969       
562.10    946       
562.20    988       
562.30    1003      
562.40    984       
562.50    987       
562.60    990       
562.70    970       
562.80    1048      
562.90    995       
563.00    949       
563.10    1021      
563.20    1007      
563.30    1067      
563.40    927       
563.50    943       
563.60    981       
563.70    968       
563.80    968       
563.90    964       
564.00    986       
564.10    1005      
564.20    1017      
564.30    957       
564.40    968       
564.50    974       
564.60    970       
564.70    932       
564.80    1021      
564.90    993       
565.00    974       
565.10    1009      
565.20    968       
565.30    936       
565.40    984       
565.50    925       
565.60    905       
565.70    953       
565.80    908       
565.90    962       
566.00    969       
566.10    957       
566.20    1000      
566.30    969       
566.40    1023      
566.50    944       
566.60    954       
566.70    980       
566.80    996       
566.90    988       
567.00    939       
567.10    948       
567.20    949       
567.30    989       
567.40    963       
567.50    974       
567.60    1049      
567.70    947       
567.80    1010      
567.90    962       
568.00    937       
568.10    922       
568.20    927       
568.30    1000      
568.40    932       
568.50    917       
568.60    962       
568.70    952       
568.80    912       
568.90    953       
569.00    941       
569.10    931       
569.20    1000      
569.30    920       
569.40    1052      
569.50    1077      
569.60    956       
569.70    895       
569.80    971       
569.90    985       
570.00    937       
570.10    912       
570.20    872       
570.30    965       
570.40    1015      
570.50    992       
570.60    979       
570.70    926       
570.80    948       
570.90    885       
571.00    914       
571.10    914       
571.20    925       
571.30    917       
571.40    945       
571.50    911       
571.60    1011      
571.70    938       
571.80    955       
571.90    928       
572.00    917       
572.10    924       
572.20    894       
572.30    926       
572.40    943       
572.50    1009      
572.60    966       
572.70    950       
572.80    898       
572.90    902       
573.00    919       
573.10    977       
573.20    903       
573.30    867       
573.40    902       
573.50    930       
573.60    969       
573.70    903       
573.80    951       
573.90    958       
574.00    869       
574.10    883       
574.20    886       
574.30    910       
574.40    904       
574.50    919       
574.60    940       
574.70    931       
574.80    924       
574.90    910       
575.00    941       
575.10    904       
575.20    927       
575.30    877       
575.40    900       
575.50    975       
575.60    904       
575.70    929       
575.80    945       
575.90    941       
576.00    986       
576.10    896       
576.20    939       
576.30    869       
576.40    884       
576.50    926       
576.60    941       
576.70    962       
576.80    994       
576.90    878       
577.00    969       
577.10    934       
577.20    888       
577.30    890       
577.40    899       
577.50    875       
577.60    876       
577.70    860       
577.80    826       
577.90    909       
578.00    905       
578.10    887       
578.20    893       
578.30    1010      
578.40    886       
578.50    850       
578.60    831       
578.70    899       
578.80    866       
578.90    847       
579.00    911       
579.10    909       
579.20    953       
579.30    911       
579.40    810       
579.50    913       
579.60    870       
579.70    864       
579.80    907       
579.90    901       
580.00    918       
580.10    918       
580.20    902       
580.30    974       
580.40    894       
580.50    906       
580.60    850       
580.70    827       
580.80    918       
580.90    819       
581.00    885       
581.10    904       
581.20    838       
581.30    943       
581.40    898       
581.50    790       
581.60    921       
581.70    852       
581.80    861       
581.90    865       
582.00    923       
582.10    999       
582.20    864       
582.30    826       
582.40    860       
582.50    827       
582.60    1004      
582.70    837       
582.80    784       
582.90    841       
583.00    891       
583.10    841       
583.20    924       
583.30    831       
583.40    918       
583.50    975       
583.60    826       
583.70    896       
583.80    893       
583.90    805       
584.00    831       
584.10    816       
584.20    872       
584.30    887       
584.40    824       
584.50    848       
584.60    969       
584.70    991       
584.80    804       
584.90    859       
585.00    843       
585.10    935       
585.20    834       
585.30    864       
585.40    836       
585.50    841       
585.60    823       
585.70    814       
585.80    838       
585.90    877       
586.00    786       
586.10    836       
586.20    826       
586.30    837       
586.40    835       
586.50    887       
586.60    890       
586.70    854       
586.80    923       
586.90    914       
587.00    834       
587.10    860       
587.20    858       
587.30    860       
587.40    884       
587.50    834       
587.60    905       
587.70    849       
587.80    852       
587.90    796       
588.00    783       
588.10    803       
588.20    834       
588.30    901       
588.40    834       
588.50    809       
588.60    851       
588.70    880       
588.80    844       
588.90    827       
589.00    841       
589.10    784       
589.20    773       
589.30    811       
589.40    833       
589.50    814       
589.60    838       
589.70    857       
589.80    902       
589.90    827       
590.00    836       
590.10    852       
590.20    831       
590.30    834       
590.40    791       
590.50    808       
590.60    843       
590.70    929       
590.80    842       
590.90    869       
591.00    804       
591.10    871       
591.20    800       
591.30    800       
591.40    846       
591.50    774       
591.60    817       
591.70    839       
591.80    865       
591.90    836       
592.00    801       
592.10    804       
592.20    794       
592.30    797       
592.40    755       
592.50    819       
592.60    772       
592.70    859       
592.80    806       
592.90    810       
593.00    840       
593.10    851       
593.20    817       
593.30    912       
593.40    778       
593.50    742       
593.60    849       
593.70    874       
593.80    791       
593.90    774       
594.00    816       
594.10    811       
594.20    851       
594.30    864       
594.40    753       
594.50    715       
594.60    801       
594.70    801       
594.80    753       
594.90    782       
595.00    818       
595.10    824       
595.20    795       
595.30    782       
595.40    759       
595.50    837       
595.60    849       
595.70    748       
595.80    784       
595.90    790       
596.00    776       
596.10    805       
596.20    913       
596.30    733       
596.40    765       
596.50    748       
596.60    774       
596.70    709       
596.80    791       
596.90    789       
597.00    763       
597.10    814       
597.20    794       
597.30    748       
597.40    802       
597.50    796       
597.60    790       
597.70    745       
597.80    812       
597.90    779       
598.00    797       
598.10    776       
598.20    726       
598.30    793       
598.40    828       
598.50    825       
598.60    804       
598.70    745       
598.80    755       
598.90    727       
599.00    785       
599.10    782       
599.20    828       
599.30    751       
599.40    765       
599.50    734       
599.60    782       
599.70    778       
599.80    810       
599.90    725       
600.00    779       
600.10    739       
600.20    772       
600.30    858       
600.40    715       
600.50    742       
600.60    875       
600.70    766       
600.80    732       
600.90    773       
601.00    758       
601.10    724       
601.20    48        
601.30    754       
601.40    806       
601.50    92        
601.60    767       
601.70    694       
601.80    751       
601.90    819       
602.00    700       
602.10    718       
602.20    747       
602.30    730       
602.40    760       
602.50    679       
602.60    714       
602.70    742       
602.80    807       
602.90    773       
603.00    731       
603.10    837       
603.20    764       
603.30    721       
603.40    764       
603.50    732       
603.60    873       
603.70    706       
603.80    711       
603.90    747       
604.00    157       
604.10    764       
604.20    671       
604.30    738       
604.40    780       
604.50    759       
604.60    698       
604.70    767       
604.80    790       
604.90    675       
605.00    738       
605.10    708       
605.20    711       
605.30    697       
605.40    738       
605.50    719       
605.60    782       
605.70    742       
605.80    741       
605.90    728       
606.00    725       
606.10    710       
606.20    676       
606.30    687       
606.40    746       
606.50    716       
606.60    720       
606.70    723       
606.80    720       
606.90    791       
607.00    122       
607.10    75        
607.20    679       
607.30    740       
607.40    722       
607.50    739       
607.60    760       
607.70    82        
607.80    740       
607.90    769       
608.00    748       
608.10    719       
608.20    703       
608.30    157       
608.40    688       
608.50    80        
608.60    773       
608.70    716       
608.80    767       
608.90    696       
609.00    659       
609.10    756       
609.20    781       
609.30    667       
609.40    781       
609.50    715       
609.60    767       
609.70    678       
609.80    728       
609.90    77        
610.00    844       
610.10    726       
610.20    708       
610.30    734       
610.40    678       
610.50    676       
610.60    689       
610.70    685       
610.80    712       
610.90    121       
611.00    152       
611.10    774       
611.20    761       
611.30    150       
611.40    712       
611.50    662       
611.60    159       
611.70    727       
611.80    137       
611.90    115       
612.00    115       
612.10    676       
612.20    723       
612.30    129       
612.40    166       
612.50    695       
612.60    228       
612.70    144       
612.80    145       
612.90    717       
613.00    125       
613.10    719       
613.20    714       
613.30    67        
613.40    731       
613.50    154       
613.60    713       
613.70    744       
613.80    111       
613.90    711       
614.00    193       
614.10    102       
614.20    105       
614.30    159       
614.40    149       
614.50    744       
614.60    181       
614.70    167       
614.80    195       
614.90    150       
615.00    703       
615.10    769       
615.20    146       
615.30    831       
615.40    701       
615.50    169       
615.60    747       
615.70    668       
615.80    166       
615.90    116       
616.00    196       
616.10    756       
616.20    721       
616.30    98        
616.40    88        
616.50    107       
616.60    118       
616.70    164       
616.80    141       
616.90    696       
617.00    174       
617.10    127       
617.20    757       
617.30    75        
617.40    133       
617.50    118       
617.60    124       
617.70    137       
617.80    120       
617.90    124       
618.00    161       
618.10    171       
618.20    153       
618.30    131       
618.40    94        
618.50    177       
618.60    761       
618.70    189       
618.80    123       
618.90    136       
619.00    196       
619.10    106       
619.20    145       
619.30    173       
619.40    101       
619.50    739       
619.60    139       
619.70    93        
619.80    140       
619.90    184       
620.00    169       
620.10    122       
620.20    134       
620.30    125       
620.40    760       
620.50    124       
620.60    97        
620.70    772       
620.80    113       
620.90    167       
621.00    80        
621.10    86        
621.20    166       
621.30    189       
621.40    118       
621.50    117       
621.60    166       
621.70    121       
621.80    137       
621.90    107       
622.00    158       
622.10    174       
622.20    187       
622.30    128       
622.40    156       
622.50    70        
622.60    47        
622.70    96        
622.80    161       
622.90    174       
623.00    160       
623.10    92        
623.20    146       
623.30    61        
623.40    110       
623.50    137       
623.60    -54       
623.70    74        
623.80    71        
623.90    175       
624.00    150       
624.10    42        
624.20    90        
624.30    173       
624.40    111       
624.50    156       
624.60    54        
624.70    78        
624.80    74        
624.90    156       
625.00    110       
625.10    179       
625.20    199       
625.30    152       
625.40    132       
625.50    104       
625.60    166       
625.70    99        
625.80    54        
625.90    77        
626.00    760       
626.10    97        
626.20    104       
626.30    88        
626.40    123       
626.50    93        
626.60    126       
626.70    69        
626.80    8         
626.90    86        
627.00    71        
627.10    136       
627.20    145       
627.30    105       
627.40    115       
627.50    89        
627.60    92        
627.70    32        
627.80    55        
627.90    135       
628.00    51        
628.10    52        
628.20    761       
628.30    113       
628.40    126       
628.50    141       
628.60    2         
628.70    75        
628.80    52        
628.90    93        
629.00    121       
629.10    162       
629.20    95        
629.30    52        
629.40    133       
629.50    84        
629.60    105       
629.70    103       
629.80    85        
629.90    104       
630.00    -14       
