曲线1               
波长      数值      
460.00    -86       
460.10    30        
460.20    -62       
460.30    9         
460.40    13        
460.50    94        
460.60    20        
460.70    -19       
460.80    22        
460.90    -36       
461.00    -106      
461.10    1         
461.20    -4        
461.30    -13       
461.40    47        
461.50    49        
461.60    31        
461.70    18        
461.80    -72       
461.90    -27       
462.00    19        
462.10    -100      
462.20    5         
462.30    6         
462.40    24        
462.50    -21       
462.60    19        
462.70    49        
462.80    3         
462.90    -49       
463.00    -10       
463.10    -84       
463.20    -64       
463.30    -90       
463.40    -29       
463.50    -13       
463.60    -55       
463.70    11        
463.80    46        
463.90    -11       
464.00    -5        
464.10    51        
464.20    27        
464.30    -9        
464.40    -55       
464.50    31        
464.60    -3        
464.70    0         
464.80    -4        
464.90    -61       
465.00    32        
465.10    -31       
465.20    36        
465.30    23        
465.40    22        
465.50    -133      
465.60    -22       
465.70    8         
465.80    -22       
465.90    13        
466.00    20        
466.10    3         
466.20    34        
466.30    -34       
466.40    -18       
466.50    -42       
466.60    -178      
466.70    -10       
466.80    15        
466.90    54        
467.00    26        
467.10    11        
467.20    28        
467.30    -47       
467.40    -22       
467.50    47        
467.60    56        
467.70    -101      
467.80    72        
467.90    -53       
468.00    -12       
468.10    -16       
468.20    19        
468.30    59        
468.40    80        
468.50    5         
468.60    -57       
468.70    -16       
468.80    -104      
468.90    38        
469.00    -27       
469.10    32        
469.20    29        
469.30    73        
469.40    12        
469.50    -37       
469.60    -22       
469.70    -73       
469.80    -19       
469.90    15        
470.00    53        
470.10    9         
470.20    -2        
470.30    27        
470.40    -11       
470.50    47        
470.60    26        
470.70    52        
470.80    14        
470.90    -44       
471.00    53        
471.10    -3        
471.20    -98       
471.30    33        
471.40    1         
471.50    60        
471.60    4         
471.70    46        
471.80    -7        
471.90    -61       
472.00    -94       
472.10    48        
472.20    -6        
472.30    -18       
472.40    32        
472.50    38        
472.60    17        
472.70    55        
472.80    -68       
472.90    -49       
473.00    2         
473.10    34        
473.20    24        
473.30    -20       
473.40    -43       
473.50    45        
473.60    73        
473.70    61        
473.80    70        
473.90    9         
474.00    -3        
474.10    -35       
474.20    -3        
474.30    9         
474.40    -6        
474.50    33        
474.60    50        
474.70    -70       
474.80    6         
474.90    0         
475.00    56        
475.10    38        
475.20    4         
475.30    56        
475.40    47        
475.50    11        
475.60    -7        
475.70    55        
475.80    91        
475.90    -10       
476.00    -35       
476.10    -26       
476.20    47        
476.30    36        
476.40    11        
476.50    66        
476.60    -6        
476.70    41        
476.80    43        
476.90    120       
477.00    54        
477.10    24        
477.20    31        
477.30    55        
477.40    12        
477.50    -8        
477.60    28        
477.70    -11       
477.80    32        
477.90    33        
478.00    22        
478.10    44        
478.20    -81       
478.30    30        
478.40    26        
478.50    -41       
478.60    30        
478.70    1         
478.80    87        
478.90    22        
479.00    102       
479.10    96        
479.20    73        
479.30    54        
479.40    36        
479.50    83        
479.60    45        
479.70    -1        
479.80    8         
479.90    50        
480.00    87        
480.10    24        
480.20    84        
480.30    82        
480.40    101       
480.50    30        
480.60    33        
480.70    -12       
480.80    -34       
480.90    47        
481.00    79        
481.10    11        
481.20    53        
481.30    42        
481.40    98        
481.50    29        
481.60    91        
481.70    69        
481.80    22        
481.90    96        
482.00    31        
482.10    24        
482.20    124       
482.30    74        
482.40    100       
482.50    122       
482.60    129       
482.70    27        
482.80    106       
482.90    87        
483.00    95        
483.10    28        
483.20    -8        
483.30    102       
483.40    124       
483.50    122       
483.60    99        
483.70    105       
483.80    120       
483.90    30        
484.00    38        
484.10    173       
484.20    126       
484.30    77        
484.40    97        
484.50    147       
484.60    116       
484.70    765       
484.80    71        
484.90    105       
485.00    766       
485.10    87        
485.20    113       
485.30    56        
485.40    137       
485.50    124       
485.60    121       
485.70    122       
485.80    121       
485.90    157       
486.00    708       
486.10    90        
486.20    129       
486.30    730       
486.40    130       
486.50    112       
486.60    91        
486.70    123       
486.80    190       
486.90    96        
487.00    150       
487.10    128       
487.20    742       
487.30    134       
487.40    130       
487.50    687       
487.60    172       
487.70    169       
487.80    677       
487.90    140       
488.00    692       
488.10    793       
488.20    711       
488.30    130       
488.40    685       
488.50    742       
488.60    692       
488.70    145       
488.80    732       
488.90    680       
489.00    721       
489.10    767       
489.20    725       
489.30    683       
489.40    746       
489.50    768       
489.60    670       
489.70    774       
489.80    805       
489.90    679       
490.00    734       
490.10    689       
490.20    739       
490.30    761       
490.40    775       
490.50    828       
490.60    810       
490.70    832       
490.80    744       
490.90    908       
491.00    842       
491.10    719       
491.20    806       
491.30    763       
491.40    810       
491.50    742       
491.60    784       
491.70    796       
491.80    800       
491.90    812       
492.00    802       
492.10    773       
492.20    754       
492.30    815       
492.40    834       
492.50    809       
492.60    836       
492.70    801       
492.80    837       
492.90    820       
493.00    843       
493.10    860       
493.20    820       
493.30    793       
493.40    869       
493.50    813       
493.60    887       
493.70    854       
493.80    869       
493.90    868       
494.00    910       
494.10    850       
494.20    925       
494.30    911       
494.40    910       
494.50    865       
494.60    891       
494.70    926       
494.80    935       
494.90    965       
495.00    1004      
495.10    1007      
495.20    928       
495.30    964       
495.40    910       
495.50    896       
495.60    917       
495.70    904       
495.80    953       
495.90    1054      
496.00    958       
496.10    970       
496.20    947       
496.30    1048      
496.40    925       
496.50    940       
496.60    939       
496.70    1052      
496.80    978       
496.90    970       
497.00    1028      
497.10    1098      
497.20    1091      
497.30    1042      
497.40    1016      
497.50    998       
497.60    1001      
497.70    1096      
497.80    1106      
497.90    1075      
498.00    1152      
498.10    1059      
498.20    1091      
498.30    1117      
498.40    1102      
498.50    1205      
498.60    1136      
498.70    1091      
498.80    1117      
498.90    1141      
499.00    1168      
499.10    1135      
499.20    1210      
499.30    1190      
499.40    1198      
499.50    1130      
499.60    1221      
499.70    1173      
499.80    1196      
499.90    1194      
500.00    1268      
500.10    1372      
500.20    1218      
500.30    1268      
500.40    1271      
500.50    1316      
500.60    1306      
500.70    1355      
500.80    1464      
500.90    1271      
501.00    1324      
501.10    1322      
501.20    1307      
501.30    1324      
501.40    1407      
501.50    1380      
501.60    1464      
501.70    1353      
501.80    1371      
501.90    1361      
502.00    1355      
502.10    1397      
502.20    1403      
502.30    1405      
502.40    1445      
502.50    1453      
502.60    1562      
502.70    1449      
502.80    1426      
502.90    1448      
503.00    1450      
503.10    1532      
503.20    1621      
503.30    1490      
503.40    1546      
503.50    1591      
503.60    1661      
503.70    1574      
503.80    1593      
503.90    1599      
504.00    1565      
504.10    1647      
504.20    1636      
504.30    1680      
504.40    1651      
504.50    1727      
504.60    1708      
504.70    1690      
504.80    1702      
504.90    1718      
505.00    1703      
505.10    1667      
505.20    1698      
505.30    1747      
505.40    1772      
505.50    1771      
505.60    1850      
505.70    1828      
505.80    1824      
505.90    1875      
506.00    1820      
506.10    1880      
506.20    1871      
506.30    1887      
506.40    1871      
506.50    1994      
506.60    1988      
506.70    1949      
506.80    1988      
506.90    1981      
507.00    1972      
507.10    1966      
507.20    1992      
507.30    1983      
507.40    2058      
507.50    2073      
507.60    2026      
507.70    2100      
507.80    2103      
507.90    2126      
508.00    2132      
508.10    2118      
508.20    2190      
508.30    2184      
508.40    2157      
508.50    2143      
508.60    2192      
508.70    2196      
508.80    2194      
508.90    2315      
509.00    2269      
509.10    2372      
509.20    2400      
509.30    2297      
509.40    2341      
509.50    2327      
509.60    2293      
509.70    2377      
509.80    2395      
509.90    2370      
510.00    2417      
510.10    2471      
510.20    2497      
510.30    2458      
510.40    2509      
510.50    2522      
510.60    2507      
510.70    2489      
510.80    2537      
510.90    2535      
511.00    2561      
511.10    2622      
511.20    2618      
511.30    2695      
511.40    2705      
511.50    2629      
511.60    2623      
511.70    2663      
511.80    2726      
511.90    2704      
512.00    2645      
512.10    2725      
512.20    2762      
512.30    2807      
512.40    2788      
512.50    2830      
512.60    2833      
512.70    2788      
512.80    2876      
512.90    2820      
513.00    2887      
513.10    2869      
513.20    2904      
513.30    2967      
513.40    2910      
513.50    2951      
513.60    2946      
513.70    2957      
513.80    2942      
513.90    2969      
514.00    3008      
514.10    3047      
514.20    3041      
514.30    3032      
514.40    3150      
514.50    3088      
514.60    3114      
514.70    3082      
514.80    3722      
514.90    3655      
515.00    3625      
515.10    3612      
515.20    3640      
515.30    3675      
515.40    3651      
515.50    3702      
515.60    3742      
515.70    3706      
515.80    3674      
515.90    3686      
516.00    3652      
516.10    3670      
516.20    3677      
516.30    3660      
516.40    3676      
516.50    3716      
516.60    3684      
516.70    3697      
516.80    3708      
516.90    3691      
517.00    3795      
517.10    3627      
517.20    3677      
517.30    3733      
517.40    3721      
517.50    3674      
517.60    3739      
517.70    3724      
517.80    3726      
517.90    3873      
518.00    3690      
518.10    3750      
518.20    3680      
518.30    3775      
518.40    3714      
518.50    3698      
518.60    3726      
518.70    3791      
518.80    3710      
518.90    3707      
519.00    3706      
519.10    3728      
519.20    3768      
519.30    3691      
519.40    3718      
519.50    3757      
519.60    3683      
519.70    3725      
519.80    3794      
519.90    3720      
520.00    3763      
520.10    3728      
520.20    3698      
520.30    3763      
520.40    3718      
520.50    3715      
520.60    3717      
520.70    3760      
520.80    3750      
520.90    3726      
521.00    3723      
521.10    3707      
521.20    3743      
521.30    3784      
521.40    3896      
521.50    3713      
521.60    3728      
521.70    3702      
521.80    3769      
521.90    3722      
522.00    3762      
522.10    3745      
522.20    3731      
522.30    3693      
522.40    3707      
522.50    3743      
522.60    3663      
522.70    3728      
522.80    3702      
522.90    3748      
523.00    3748      
523.10    3740      
523.20    3772      
523.30    3696      
523.40    3703      
523.50    3751      
523.60    3700      
523.70    3642      
523.80    3684      
523.90    3691      
524.00    3750      
524.10    3697      
524.20    3775      
524.30    3766      
524.40    3710      
524.50    3702      
524.60    3750      
524.70    3696      
524.80    3701      
524.90    3749      
525.00    3707      
525.10    3789      
525.20    3759      
525.30    3708      
525.40    3846      
525.50    3840      
525.60    3689      
525.70    3667      
525.80    3720      
525.90    3647      
526.00    3664      
526.10    3751      
526.20    3714      
526.30    3736      
526.40    3672      
526.50    3850      
526.60    3795      
526.70    3670      
526.80    3668      
526.90    3607      
527.00    3643      
527.10    3699      
527.20    3783      
527.30    3684      
527.40    3675      
527.50    3712      
527.60    3662      
527.70    3639      
527.80    3631      
527.90    3663      
528.00    3634      
528.10    3689      
528.20    3654      
528.30    3699      
528.40    3648      
528.50    3751      
528.60    3689      
528.70    3672      
528.80    3611      
528.90    3647      
529.00    3591      
529.10    3583      
529.20    3574      
529.30    3671      
529.40    3617      
529.50    3611      
529.60    3621      
529.70    3669      
529.80    3612      
529.90    3541      
530.00    3566      
530.10    3559      
530.20    3525      
530.30    3532      
530.40    3485      
530.50    3625      
530.60    3591      
530.70    3567      
530.80    3541      
530.90    3570      
531.00    3395      
531.10    2896      
531.20    2749      
531.30    2768      
531.40    2764      
531.50    2768      
531.60    2730      
531.70    2781      
531.80    2729      
531.90    2742      
532.00    2754      
532.10    2695      
532.20    2620      
532.30    2633      
532.40    2634      
532.50    2640      
532.60    2624      
532.70    2672      
532.80    2625      
532.90    2599      
533.00    2570      
533.10    2537      
533.20    2558      
533.30    2565      
533.40    2528      
533.50    2514      
533.60    2489      
533.70    2479      
533.80    2508      
533.90    2588      
534.00    2463      
534.10    2467      
534.20    2428      
534.30    2436      
534.40    2390      
534.50    2358      
534.60    2406      
534.70    2390      
534.80    2410      
534.90    2425      
535.00    2350      
535.10    2361      
535.20    2401      
535.30    2415      
535.40    2352      
535.50    2292      
535.60    2279      
535.70    2328      
535.80    2279      
535.90    2293      
536.00    2287      
536.10    2260      
536.20    2262      
536.30    2275      
536.40    2208      
536.50    2234      
536.60    2190      
536.70    2175      
536.80    2141      
536.90    2183      
537.00    2157      
537.10    2213      
537.20    2140      
537.30    2139      
537.40    2128      
537.50    2130      
537.60    2105      
537.70    2060      
537.80    2046      
537.90    2152      
538.00    2039      
538.10    2036      
538.20    2065      
538.30    2054      
538.40    2047      
538.50    2022      
538.60    2063      
538.70    1997      
538.80    1919      
538.90    1954      
539.00    2014      
539.10    2032      
539.20    1981      
539.30    2042      
539.40    1956      
539.50    1942      
539.60    1961      
539.70    1946      
539.80    1948      
539.90    1898      
540.00    1877      
540.10    1857      
540.20    1871      
540.30    1930      
540.40    1914      
540.50    1877      
540.60    1998      
540.70    1848      
540.80    1836      
540.90    1842      
541.00    1890      
541.10    1819      
541.20    1833      
541.30    1832      
541.40    1812      
541.50    1772      
541.60    1816      
541.70    1753      
541.80    1813      
541.90    1721      
542.00    1770      
542.10    1733      
542.20    1739      
542.30    1751      
542.40    1810      
542.50    1749      
542.60    1721      
542.70    1726      
542.80    1703      
542.90    1691      
543.00    1680      
543.10    1598      
543.20    1662      
543.30    1681      
543.40    1685      
543.50    1706      
543.60    1633      
543.70    1715      
543.80    1643      
543.90    1590      
544.00    1650      
544.10    1596      
544.20    1537      
544.30    1556      
544.40    1631      
544.50    1685      
544.60    1616      
544.70    1552      
544.80    1610      
544.90    1563      
545.00    1530      
545.10    1577      
545.20    1506      
545.30    1480      
545.40    1469      
545.50    1483      
545.60    1563      
545.70    1500      
545.80    1459      
545.90    1504      
546.00    1497      
546.10    1469      
546.20    1472      
546.30    1427      
546.40    1417      
546.50    1431      
546.60    1413      
546.70    1483      
546.80    1449      
546.90    1395      
547.00    1460      
547.10    1404      
547.20    1378      
547.30    1357      
547.40    1320      
547.50    1334      
547.60    1402      
547.70    1374      
547.80    1370      
547.90    1489      
548.00    1406      
548.10    1365      
548.20    1343      
548.30    1342      
548.40    1310      
548.50    1242      
548.60    1285      
548.70    1331      
548.80    1255      
548.90    1288      
549.00    1366      
549.10    1380      
549.20    1315      
549.30    1253      
549.40    1260      
549.50    1317      
549.60    1230      
549.70    1239      
549.80    1193      
549.90    1288      
550.00    1280      
550.10    1207      
550.20    1280      
550.30    1206      
550.40    1251      
550.50    1202      
550.60    1247      
550.70    1164      
550.80    1164      
550.90    1191      
551.00    1181      
551.10    1220      
551.20    1179      
551.30    1159      
551.40    1266      
551.50    1182      
551.60    1125      
551.70    1205      
551.80    1102      
551.90    1156      
552.00    1143      
552.10    1143      
552.20    1154      
552.30    1142      
552.40    1138      
552.50    1094      
552.60    1120      
552.70    1072      
552.80    1110      
552.90    1088      
553.00    1060      
553.10    1100      
553.20    1084      
553.30    1202      
553.40    1072      
553.50    1158      
553.60    1132      
553.70    1096      
553.80    1133      
553.90    1044      
554.00    1048      
554.10    1054      
554.20    1083      
554.30    1052      
554.40    1096      
554.50    1088      
554.60    1054      
554.70    1013      
554.80    1001      
554.90    1095      
555.00    1026      
555.10    1053      
555.20    1012      
555.30    1013      
555.40    1093      
555.50    1029      
555.60    1068      
555.70    987       
555.80    985       
555.90    970       
556.00    959       
556.10    965       
556.20    1011      
556.30    1030      
556.40    1006      
556.50    1019      
556.60    1048      
556.70    952       
556.80    1046      
556.90    970       
557.00    994       
557.10    963       
557.20    909       
557.30    914       
557.40    955       
557.50    912       
557.60    923       
557.70    952       
557.80    959       
557.90    848       
558.00    922       
558.10    938       
558.20    965       
558.30    957       
558.40    900       
558.50    940       
558.60    915       
558.70    865       
558.80    904       
558.90    862       
559.00    896       
559.10    870       
559.20    896       
559.30    876       
559.40    892       
559.50    917       
559.60    816       
559.70    951       
559.80    927       
559.90    915       
560.00    949       
560.10    1007      
560.20    845       
560.30    809       
560.40    955       
560.50    905       
560.60    857       
560.70    857       
560.80    882       
560.90    861       
561.00    810       
561.10    823       
561.20    852       
561.30    869       
561.40    800       
561.50    825       
561.60    835       
561.70    816       
561.80    949       
561.90    768       
562.00    851       
562.10    774       
562.20    829       
562.30    766       
562.40    782       
562.50    819       
562.60    798       
562.70    765       
562.80    813       
562.90    801       
563.00    781       
563.10    812       
563.20    786       
563.30    818       
563.40    756       
563.50    780       
563.60    787       
563.70    746       
563.80    748       
563.90    796       
564.00    782       
564.10    824       
564.20    827       
564.30    823       
564.40    853       
564.50    720       
564.60    732       
564.70    763       
564.80    780       
564.90    797       
565.00    726       
565.10    771       
565.20    778       
565.30    765       
565.40    797       
565.50    727       
565.60    757       
565.70    695       
565.80    799       
565.90    726       
566.00    703       
566.10    121       
566.20    751       
566.30    815       
566.40    770       
566.50    731       
566.60    767       
566.70    696       
566.80    757       
566.90    73        
567.00    736       
567.10    780       
567.20    733       
567.30    80        
567.40    698       
567.50    705       
567.60    721       
567.70    117       
567.80    672       
567.90    168       
568.00    781       
568.10    706       
568.20    689       
568.30    145       
568.40    718       
568.50    720       
568.60    132       
568.70    686       
568.80    723       
568.90    642       
569.00    677       
569.10    720       
569.20    114       
569.30    697       
569.40    84        
569.50    838       
569.60    138       
569.70    105       
569.80    719       
569.90    196       
570.00    159       
570.10    128       
570.20    713       
570.30    137       
570.40    122       
570.50    773       
570.60    75        
570.70    773       
570.80    146       
570.90    182       
571.00    104       
571.10    164       
571.20    161       
571.30    111       
571.40    152       
571.50    85        
571.60    56        
571.70    182       
571.80    688       
571.90    168       
572.00    207       
572.10    117       
572.20    207       
572.30    180       
572.40    50        
572.50    110       
572.60    115       
572.70    89        
572.80    115       
572.90    195       
573.00    165       
573.10    140       
573.20    60        
573.30    81        
573.40    132       
573.50    185       
573.60    100       
573.70    114       
573.80    46        
573.90    171       
574.00    128       
574.10    146       
574.20    181       
574.30    124       
574.40    138       
574.50    141       
574.60    111       
574.70    74        
574.80    28        
574.90    107       
575.00    22        
575.10    155       
575.20    147       
575.30    137       
575.40    124       
575.50    722       
575.60    99        
575.70    64        
575.80    142       
575.90    64        
576.00    98        
576.10    21        
576.20    145       
576.30    107       
576.40    54        
576.50    161       
576.60    162       
576.70    98        
576.80    88        
576.90    -23       
577.00    35        
577.10    113       
577.20    107       
577.30    128       
577.40    102       
577.50    84        
577.60    111       
577.70    64        
577.80    25        
577.90    104       
578.00    74        
578.10    13        
578.20    60        
578.30    67        
578.40    129       
578.50    139       
578.60    46        
578.70    73        
578.80    31        
578.90    84        
579.00    49        
579.10    34        
579.20    37        
579.30    27        
579.40    93        
579.50    62        
579.60    78        
579.70    64        
579.80    90        
579.90    45        
580.00    69        
580.10    69        
580.20    -6        
580.30    80        
580.40    89        
580.50    59        
580.60    82        
580.70    76        
580.80    94        
580.90    102       
581.00    -57       
581.10    84        
581.20    88        
581.30    42        
581.40    25        
581.50    60        
581.60    91        
581.70    115       
581.80    107       
581.90    14        
582.00    48        
582.10    58        
582.20    1         
582.30    -18       
582.40    78        
582.50    76        
582.60    60        
582.70    110       
582.80    122       
582.90    -15       
583.00    3         
583.10    -6        
583.20    38        
583.30    37        
583.40    16        
583.50    58        
583.60    47        
583.70    34        
583.80    66        
583.90    45        
584.00    75        
584.10    30        
584.20    7         
584.30    89        
584.40    65        
584.50    92        
584.60    25        
584.70    64        
584.80    92        
584.90    76        
585.00    43        
585.10    44        
585.20    -29       
585.30    18        
585.40    -10       
585.50    3         
585.60    84        
585.70    99        
585.80    -94       
585.90    86        
586.00    103       
586.10    27        
586.20    56        
586.30    49        
586.40    -115      
586.50    43        
586.60    -144      
586.70    58        
586.80    30        
586.90    49        
587.00    39        
587.10    64        
587.20    78        
587.30    79        
587.40    31        
587.50    73        
587.60    31        
587.70    32        
587.80    42        
587.90    43        
588.00    79        
588.10    75        
588.20    -46       
588.30    60        
588.40    -40       
588.50    52        
588.60    -78       
588.70    21        
588.80    5         
588.90    8         
589.00    -48       
589.10    81        
589.20    70        
589.30    85        
589.40    11        
589.50    46        
589.60    51        
589.70    69        
589.80    65        
589.90    -10       
590.00    -18       
590.10    62        
590.20    49        
590.30    -4        
590.40    49        
590.50    12        
590.60    72        
590.70    36        
590.80    -4        
590.90    24        
591.00    21        
591.10    -2        
591.20    91        
591.30    2         
591.40    56        
591.50    20        
591.60    38        
591.70    27        
591.80    -80       
591.90    -5        
592.00    58        
592.10    -55       
592.20    23        
592.30    30        
592.40    64        
592.50    67        
592.60    5         
592.70    47        
592.80    -8        
592.90    -91       
593.00    -6        
593.10    -27       
593.20    19        
593.30    -2        
593.40    37        
593.50    72        
593.60    22        
593.70    -65       
593.80    48        
593.90    -97       
594.00    -102      
594.10    20        
594.20    32        
594.30    18        
594.40    34        
594.50    65        
594.60    9         
594.70    20        
594.80    -25       
594.90    16        
595.00    -24       
595.10    47        
595.20    16        
595.30    58        
595.40    63        
595.50    16        
595.60    70        
595.70    56        
595.80    -29       
595.90    -10       
596.00    8         
596.10    -21       
596.20    -69       
596.30    11        
596.40    -41       
596.50    -65       
596.60    -13       
596.70    63        
596.80    -3        
596.90    63        
597.00    37        
597.10    21        
597.20    -47       
597.30    7         
597.40    -58       
597.50    79        
597.60    35        
597.70    101       
597.80    5         
597.90    43        
598.00    14        
598.10    40        
598.20    -52       
598.30    -90       
598.40    -99       
598.50    9         
598.60    20        
598.70    39        
598.80    8         
598.90    -19       
599.00    1         
599.10    -37       
599.20    -12       
599.30    -22       
599.40    41        
599.50    16        
599.60    13        
599.70    32        
599.80    -85       
599.90    25        
600.00    14        
600.10    -77       
600.20    51        
600.30    21        
600.40    10        
600.50    37        
600.60    0         
600.70    21        
600.80    38        
600.90    27        
601.00    54        
601.10    -26       
601.20    26        
601.30    3         
601.40    -15       
601.50    11        
601.60    -61       
601.70    19        
601.80    -17       
601.90    73        
602.00    -58       
602.10    44        
602.20    -14       
602.30    -21       
602.40    -18       
602.50    6         
602.60    -12       
602.70    -14       
602.80    -35       
602.90    36        
603.00    15        
603.10    37        
603.20    -68       
603.30    39        
603.40    57        
603.50    34        
603.60    12        
603.70    12        
603.80    -93       
603.90    16        
604.00    91        
604.10    58        
604.20    54        
604.30    42        
604.40    34        
604.50    -64       
604.60    -31       
604.70    -79       
604.80    40        
604.90    -62       
605.00    -28       
