曲线1               
波长      数值      
300.00    4141      
300.20    4102      
300.40    4130      
300.60    4036      
300.80    4115      
301.00    4081      
301.20    4100      
301.40    4059      
301.60    4072      
301.80    4065      
302.00    4092      
302.20    4080      
302.40    4136      
302.60    4098      
302.80    4062      
303.00    4088      
303.20    4042      
303.40    4178      
303.60    4116      
303.80    4070      
304.00    4039      
304.20    4060      
304.40    4088      
304.60    4129      
304.80    4065      
305.00    4047      
305.20    4061      
305.40    4105      
305.60    4113      
305.80    4143      
306.00    4167      
306.20    4075      
306.40    4101      
306.60    4117      
306.80    4160      
307.00    4088      
307.20    4182      
307.40    4136      
307.60    4090      
307.80    4108      
308.00    4094      
308.20    4130      
308.40    4118      
308.60    4091      
308.80    4103      
309.00    4134      
309.20    4145      
309.40    4125      
309.60    4125      
309.80    4113      
310.00    4102      
310.20    4143      
310.40    4187      
310.60    4134      
310.80    4110      
311.00    4171      
311.20    4136      
311.40    4148      
311.60    4158      
311.80    4088      
312.00    4140      
312.20    4148      
312.40    4140      
312.60    4112      
312.80    4138      
313.00    4127      
313.20    4138      
313.40    4194      
313.60    4189      
313.80    4188      
314.00    4095      
314.20    4220      
314.40    4187      
314.60    4202      
314.80    4171      
315.00    4187      
315.20    4143      
315.40    4274      
315.60    4160      
315.80    4208      
316.00    4230      
316.20    4143      
316.40    4120      
316.60    4194      
316.80    4156      
317.00    4225      
317.20    4133      
317.40    4166      
317.60    4172      
317.80    4192      
318.00    4175      
318.20    4202      
318.40    4142      
318.60    4148      
318.80    4410      
319.00    4660      
319.20    4687      
319.40    4636      
319.60    4601      
319.80    4678      
320.00    4672      
320.20    4623      
320.40    4719      
320.60    4611      
320.80    4585      
321.00    4685      
321.20    4659      
321.40    4769      
321.60    4642      
321.80    4637      
322.00    4630      
322.20    4617      
322.40    4571      
322.60    4588      
322.80    4590      
323.00    4515      
323.20    4611      
323.40    4604      
323.60    4594      
323.80    4587      
324.00    4584      
324.20    4556      
324.40    4530      
324.60    4577      
324.80    4551      
325.00    4584      
325.20    4552      
325.40    4532      
325.60    4554      
325.80    4546      
326.00    4521      
326.20    4619      
326.40    4512      
326.60    4563      
326.80    4548      
327.00    4517      
327.20    4440      
327.40    4501      
327.60    4460      
327.80    4487      
328.00    4506      
328.20    4520      
328.40    4480      
328.60    4488      
328.80    4502      
329.00    4467      
329.20    4478      
329.40    4447      
329.60    4392      
329.80    4401      
330.00    4402      
330.20    4458      
330.40    4386      
330.60    4408      
330.80    4343      
331.00    4309      
331.20    4325      
331.40    4296      
331.60    4336      
331.80    4340      
332.00    4306      
332.20    4291      
332.40    4407      
332.60    4226      
332.80    4213      
333.00    4149      
333.20    4142      
333.40    4129      
333.60    4172      
333.80    4123      
334.00    4164      
334.20    4091      
334.40    4089      
334.60    4086      
334.80    4094      
335.00    4067      
335.20    4059      
335.40    4035      
335.60    4003      
335.80    4097      
336.00    4065      
336.20    4098      
336.40    3997      
336.60    3957      
336.80    4042      
337.00    3997      
337.20    3992      
337.40    3937      
337.60    3878      
337.80    3906      
338.00    3912      
338.20    4031      
338.40    3943      
338.60    3885      
338.80    3874      
339.00    3946      
339.20    3858      
339.40    3817      
339.60    3891      
339.80    3796      
340.00    3786      
340.20    3924      
340.40    3858      
340.60    3818      
340.80    3768      
341.00    3791      
341.20    3778      
341.40    3771      
341.60    3811      
341.80    3769      
342.00    3714      
342.20    3784      
342.40    3745      
342.60    3712      
342.80    3690      
343.00    3705      
343.20    3746      
343.40    3731      
343.60    3724      
343.80    3733      
344.00    3701      
344.20    3647      
344.40    3736      
344.60    3645      
344.80    3603      
345.00    3637      
345.20    3638      
345.40    3608      
345.60    3666      
345.80    3661      
346.00    3614      
346.20    3620      
346.40    3636      
346.60    3566      
346.80    3596      
347.00    3635      
347.20    3609      
347.40    3589      
347.60    3546      
347.80    3604      
348.00    3526      
348.20    3554      
348.40    3558      
348.60    3538      
348.80    3502      
349.00    3480      
349.20    3535      
349.40    3494      
349.60    3540      
349.80    3430      
350.00    3505      
350.20    3618      
350.40    3493      
350.60    3451      
350.80    3429      
351.00    3412      
351.20    3453      
351.40    3406      
351.60    3439      
351.80    3406      
352.00    3428      
352.20    3460      
352.40    3472      
352.60    3453      
352.80    3385      
353.00    3380      
353.20    3347      
353.40    3423      
353.60    3455      
353.80    3386      
354.00    3353      
354.20    3327      
354.40    3317      
354.60    3339      
354.80    3462      
355.00    3421      
355.20    3324      
355.40    3348      
355.60    3348      
355.80    3264      
356.00    3328      
356.20    3329      
356.40    3319      
356.60    3268      
356.80    3302      
357.00    3333      
357.20    3340      
357.40    3244      
357.60    3269      
357.80    3320      
358.00    3293      
358.20    3297      
358.40    3284      
358.60    3355      
358.80    3237      
359.00    3221      
359.20    3270      
359.40    3182      
359.60    3224      
359.80    3182      
360.00    3225      
360.20    3238      
360.40    3323      
360.60    3260      
360.80    3184      
361.00    3154      
361.20    3246      
361.40    3203      
361.60    3224      
361.80    3236      
362.00    3146      
362.20    3163      
362.40    3232      
362.60    3267      
362.80    3176      
363.00    3191      
363.20    3164      
363.40    3251      
363.60    3202      
363.80    3247      
364.00    3154      
364.20    3099      
364.40    3165      
364.60    3176      
364.80    3190      
365.00    3176      
365.20    3100      
365.40    3114      
365.60    3113      
365.80    3109      
366.00    3075      
366.20    3089      
366.40    3042      
366.60    3086      
366.80    3080      
367.00    3093      
367.20    3064      
367.40    3061      
367.60    3039      
367.80    3069      
368.00    3126      
368.20    3004      
368.40    3111      
368.60    3027      
368.80    3031      
369.00    3038      
369.20    3052      
369.40    3099      
369.60    3017      
369.80    3008      
370.00    3005      
370.20    3046      
370.40    3024      
370.60    2994      
370.80    3024      
371.00    2946      
371.20    2970      
371.40    2972      
371.60    2971      
371.80    2958      
372.00    2998      
372.20    2985      
372.40    2982      
372.60    2978      
372.80    3023      
373.00    2986      
373.20    2929      
373.40    2935      
373.60    2937      
373.80    2961      
374.00    2891      
374.20    2876      
374.40    2899      
374.60    2929      
374.80    2947      
375.00    2927      
375.20    2932      
375.40    2892      
375.60    2909      
375.80    2961      
376.00    2921      
376.20    2885      
376.40    2837      
376.60    2854      
376.80    2857      
377.00    2899      
377.20    2926      
377.40    2868      
377.60    2870      
377.80    2948      
378.00    2844      
378.20    2860      
378.40    2859      
378.60    2921      
378.80    2827      
379.00    2839      
379.20    2877      
379.40    2822      
379.60    2803      
379.80    2808      
380.00    2802      
380.20    2825      
380.40    2879      
380.60    2803      
380.80    2794      
381.00    2806      
381.20    2835      
381.40    2784      
381.60    2812      
381.80    2801      
382.00    2793      
382.20    2811      
382.40    2763      
382.60    2746      
382.80    2820      
383.00    2761      
383.20    2712      
383.40    2834      
383.60    2774      
383.80    2795      
384.00    2867      
384.20    2737      
384.40    2779      
384.60    2748      
384.80    2732      
385.00    2680      
385.20    2876      
385.40    2761      
385.60    2696      
385.80    2734      
386.00    2673      
386.20    2693      
386.40    2759      
386.60    2708      
386.80    2660      
387.00    2778      
387.20    2762      
387.40    2701      
387.60    2668      
387.80    2690      
388.00    2637      
388.20    2651      
388.40    2655      
388.60    2677      
388.80    2706      
389.00    2677      
389.20    2663      
389.40    2703      
389.60    2638      
389.80    2627      
390.00    2657      
390.20    2605      
390.40    2677      
390.60    2652      
390.80    2608      
391.00    2552      
391.20    2745      
391.40    2638      
391.60    2650      
391.80    2659      
392.00    2632      
392.20    2735      
392.40    2627      
392.60    2654      
392.80    2582      
393.00    2671      
393.20    2553      
393.40    2563      
393.60    2604      
393.80    2689      
394.00    2632      
394.20    2535      
394.40    2563      
394.60    2566      
394.80    2617      
395.00    2655      
395.20    2507      
395.40    2553      
395.60    2557      
395.80    2574      
396.00    2534      
396.20    2608      
396.40    2509      
396.60    2536      
396.80    2503      
397.00    2487      
397.20    2526      
397.40    2567      
397.60    2526      
397.80    2511      
398.00    2578      
398.20    2581      
398.40    2515      
398.60    2506      
398.80    2471      
399.00    2470      
399.20    2466      
399.40    2466      
399.60    2464      
399.80    2479      
400.00    2456      
400.20    2432      
400.40    2495      
400.60    2489      
400.80    2503      
401.00    2448      
401.20    2452      
401.40    2441      
401.60    2489      
401.80    2534      
402.00    2492      
402.20    2412      
402.40    2497      
402.60    2494      
402.80    2409      
403.00    2465      
403.20    2384      
403.40    2412      
403.60    2452      
403.80    2489      
404.00    2389      
404.20    2454      
404.40    2425      
404.60    2363      
404.80    2377      
405.00    2407      
405.20    2480      
405.40    2382      
405.60    2388      
405.80    2445      
406.00    2397      
406.20    2359      
406.40    2406      
406.60    2419      
406.80    2371      
407.00    2387      
407.20    2427      
407.40    2463      
407.60    2399      
407.80    2410      
408.00    2415      
408.20    2401      
408.40    2417      
408.60    2425      
408.80    2322      
409.00    2340      
409.20    2389      
409.40    2362      
409.60    2434      
409.80    2294      
410.00    2451      
410.20    2328      
410.40    2369      
410.60    2331      
410.80    2318      
411.00    2358      
411.20    2371      
411.40    2400      
411.60    2413      
411.80    2293      
412.00    2292      
412.20    2303      
412.40    2311      
412.60    2287      
412.80    2360      
413.00    2317      
413.20    2320      
413.40    2286      
413.60    2329      
413.80    2294      
414.00    2281      
414.20    2267      
414.40    2307      
414.60    2315      
414.80    2320      
415.00    2277      
415.20    2250      
415.40    2236      
415.60    2272      
415.80    2334      
416.00    2285      
416.20    2249      
416.40    2298      
416.60    2243      
416.80    2321      
417.00    2385      
417.20    2332      
417.40    2249      
417.60    2357      
417.80    2266      
418.00    2285      
418.20    2284      
418.40    2199      
418.60    2196      
418.80    2214      
419.00    2222      
419.20    2175      
419.40    2212      
419.60    2274      
419.80    2198      
420.00    2260      
420.20    2245      
420.40    2236      
420.60    2219      
420.80    2214      
421.00    2215      
421.20    2251      
421.40    2222      
421.60    2309      
421.80    2193      
422.00    2232      
422.20    2195      
422.40    2254      
422.60    2230      
422.80    2221      
423.00    2184      
423.20    2215      
423.40    2257      
423.60    2234      
423.80    2185      
424.00    2207      
424.20    2129      
424.40    2143      
424.60    2151      
424.80    2239      
425.00    2203      
425.20    2135      
425.40    2194      
425.60    2240      
425.80    2156      
426.00    2243      
426.20    2175      
426.40    2104      
426.60    2151      
426.80    2233      
427.00    2292      
427.20    2232      
427.40    2205      
427.60    2108      
427.80    2159      
428.00    2183      
428.20    2195      
428.40    2235      
428.60    2142      
428.80    2156      
429.00    2126      
429.20    2134      
429.40    2112      
429.60    2127      
429.80    2135      
430.00    2148      
430.20    2141      
430.40    2130      
430.60    2144      
430.80    2076      
431.00    2097      
431.20    2155      
431.40    2203      
431.60    2211      
431.80    2136      
432.00    2130      
432.20    2113      
432.40    2307      
432.60    2106      
432.80    2112      
433.00    2073      
433.20    2126      
433.40    2117      
433.60    2141      
433.80    2115      
434.00    2110      
434.20    2083      
434.40    2079      
434.60    2150      
434.80    2157      
435.00    2077      
435.20    2126      
435.40    2098      
435.60    2077      
435.80    2168      
436.00    2076      
436.20    2129      
436.40    2092      
436.60    2129      
436.80    2183      
437.00    2113      
437.20    2175      
437.40    2081      
437.60    2053      
437.80    2058      
438.00    2059      
438.20    2106      
438.40    2066      
438.60    2075      
438.80    2082      
439.00    2096      
439.20    2121      
439.40    2113      
439.60    2064      
439.80    2105      
440.00    2104      
440.20    2131      
440.40    2130      
440.60    1995      
440.80    2045      
441.00    2143      
441.20    2052      
441.40    2090      
441.60    2086      
441.80    2082      
442.00    2105      
442.20    2034      
442.40    2041      
442.60    2198      
442.80    2027      
443.00    2053      
443.20    2036      
443.40    2097      
443.60    2062      
443.80    2031      
444.00    2044      
444.20    2053      
444.40    2072      
444.60    2063      
444.80    2029      
445.00    2024      
445.20    2051      
445.40    2026      
445.60    2184      
445.80    2107      
446.00    2041      
446.20    2057      
446.40    2031      
446.60    2033      
446.80    2108      
447.00    2146      
447.20    2095      
447.40    2019      
447.60    2064      
447.80    2003      
448.00    2014      
448.20    2044      
448.40    2055      
448.60    2053      
448.80    2175      
449.00    2074      
449.20    2127      
449.40    2138      
449.60    2026      
449.80    2059      
450.00    2056      
450.20    2057      
450.40    2104      
450.60    2007      
450.80    2029      
451.00    2044      
451.20    2062      
451.40    2058      
451.60    2040      
451.80    2038      
452.00    2011      
452.20    2089      
452.40    2079      
452.60    2045      
452.80    2002      
453.00    2061      
453.20    2096      
453.40    2114      
453.60    2021      
453.80    2043      
454.00    2050      
454.20    2061      
454.40    2044      
454.60    2066      
454.80    2108      
455.00    2073      
455.20    2063      
455.40    2107      
455.60    2044      
455.80    2054      
456.00    2004      
456.20    2023      
456.40    2011      
456.60    2059      
456.80    2157      
457.00    2103      
457.20    1985      
457.40    1992      
457.60    2089      
457.80    2069      
458.00    2001      
458.20    2020      
458.40    2023      
458.60    2026      
458.80    2075      
459.00    2030      
459.20    2063      
459.40    2053      
459.60    2050      
459.80    2084      
460.00    2117      
460.20    1998      
460.40    2087      
460.60    2129      
460.80    2035      
461.00    2109      
461.20    2013      
461.40    2019      
461.60    2015      
461.80    2049      
462.00    2036      
462.20    2043      
462.40    2113      
462.60    2037      
462.80    2048      
463.00    2039      
463.20    2074      
463.40    2047      
463.60    2045      
463.80    2014      
464.00    2063      
464.20    2101      
464.40    2140      
464.60    2075      
464.80    2054      
465.00    2036      
465.20    1996      
465.40    2046      
465.60    2078      
465.80    2048      
466.00    2048      
466.20    2016      
466.40    2107      
466.60    2007      
466.80    2032      
467.00    2087      
467.20    2098      
467.40    2103      
467.60    2067      
467.80    2132      
468.00    2031      
468.20    2095      
468.40    1999      
468.60    2031      
468.80    2136      
469.00    1982      
469.20    2021      
469.40    2068      
469.60    2023      
469.80    2062      
470.00    2004      
470.20    1996      
470.40    2038      
470.60    2061      
470.80    2047      
471.00    2064      
471.20    2023      
471.40    2014      
471.60    1977      
471.80    2026      
472.00    2043      
472.20    2043      
472.40    2009      
472.60    2005      
472.80    2056      
473.00    2087      
473.20    2080      
473.40    2090      
473.60    2043      
473.80    2067      
474.00    2019      
474.20    2030      
474.40    2094      
474.60    2028      
474.80    2052      
475.00    2042      
475.20    2139      
475.40    2015      
475.60    2035      
475.80    2019      
476.00    2003      
476.20    2077      
476.40    2013      
476.60    2027      
476.80    2002      
477.00    2014      
477.20    2107      
477.40    2067      
477.60    2057      
477.80    2043      
478.00    1960      
478.20    2064      
478.40    2012      
478.60    2021      
478.80    2010      
479.00    1991      
479.20    2044      
479.40    2048      
479.60    2040      
479.80    2009      
480.00    2003      
480.20    2009      
480.40    2033      
480.60    2089      
480.80    2100      
481.00    2091      
481.20    1980      
481.40    2014      
481.60    2029      
481.80    2016      
482.00    2058      
482.20    2017      
482.40    1987      
482.60    2032      
482.80    2039      
483.00    2092      
483.20    2029      
483.40    1980      
483.60    1989      
483.80    2052      
484.00    2152      
484.20    1987      
484.40    2009      
484.60    2013      
484.80    2033      
485.00    2010      
485.20    2084      
485.40    2091      
485.60    1975      
485.80    2047      
486.00    2008      
486.20    2046      
486.40    2003      
486.60    2017      
486.80    2006      
487.00    2128      
487.20    2059      
487.40    2024      
487.60    2044      
487.80    2072      
488.00    2083      
488.20    1990      
488.40    2013      
488.60    2082      
488.80    2031      
489.00    2047      
489.20    2074      
489.40    2007      
489.60    2097      
489.80    2045      
490.00    1970      
490.20    2024      
490.40    1949      
490.60    2069      
490.80    1998      
491.00    1987      
491.20    2016      
491.40    2031      
491.60    2046      
491.80    2016      
492.00    2071      
492.20    2103      
492.40    2018      
492.60    2011      
492.80    1998      
493.00    2082      
493.20    2029      
493.40    2074      
493.60    2126      
493.80    1972      
494.00    2018      
494.20    2057      
494.40    2104      
494.60    2021      
494.80    2101      
495.00    2112      
495.20    2019      
495.40    2017      
495.60    2066      
495.80    2036      
496.00    2001      
496.20    2040      
496.40    1989      
496.60    2131      
496.80    1960      
497.00    1997      
497.20    2078      
497.40    2034      
497.60    1979      
497.80    1976      
498.00    2021      
498.20    2066      
498.40    2076      
498.60    2031      
498.80    2017      
499.00    2092      
499.20    2037      
499.40    2089      
499.60    2030      
499.80    2048      
500.00    1999      
500.20    2012      
500.40    2110      
500.60    2022      
500.80    2052      
501.00    1961      
501.20    2024      
501.40    2034      
501.60    2066      
501.80    2130      
502.00    2130      
502.20    2049      
502.40    2150      
502.60    2056      
502.80    2001      
503.00    2054      
503.20    2070      
503.40    2035      
503.60    1997      
503.80    2060      
504.00    2007      
504.20    2068      
504.40    2038      
504.60    2113      
504.80    2053      
505.00    2028      
505.20    2049      
505.40    2054      
505.60    2012      
505.80    2029      
506.00    2086      
506.20    1973      
506.40    2028      
506.60    2091      
506.80    2090      
507.00    2020      
507.20    2096      
507.40    2065      
507.60    1997      
507.80    2039      
508.00    2100      
508.20    2029      
508.40    2012      
508.60    2035      
508.80    2116      
509.00    2075      
509.20    2023      
509.40    2022      
509.60    1976      
509.80    2067      
510.00    2054      
510.20    2008      
510.40    2006      
510.60    2041      
510.80    1999      
511.00    2075      
511.20    1996      
511.40    2002      
511.60    1984      
511.80    2024      
512.00    2019      
512.20    2021      
512.40    2018      
512.60    2011      
512.80    2004      
513.00    2070      
513.20    2070      
513.40    2094      
513.60    2021      
513.80    2117      
514.00    2009      
514.20    2000      
514.40    2036      
514.60    1996      
514.80    2050      
515.00    1991      
515.20    2022      
515.40    1980      
515.60    2008      
515.80    1994      
516.00    2015      
516.20    1991      
516.40    2061      
516.60    1987      
516.80    2024      
517.00    2022      
517.20    1982      
517.40    2079      
517.60    2037      
517.80    2139      
518.00    2008      
518.20    2104      
518.40    2017      
518.60    2040      
518.80    2047      
519.00    2038      
519.20    2087      
519.40    2006      
519.60    1956      
519.80    2035      
520.00    2048      
520.20    2035      
520.40    1977      
520.60    2018      
520.80    2058      
521.00    2076      
521.20    2026      
521.40    1984      
521.60    2032      
521.80    2100      
522.00    2040      
522.20    2139      
522.40    2096      
522.60    1990      
522.80    2021      
523.00    2050      
523.20    2079      
523.40    2020      
523.60    2011      
523.80    2017      
524.00    1970      
524.20    2088      
524.40    2077      
524.60    2006      
524.80    2054      
525.00    2023      
525.20    2012      
525.40    2041      
525.60    1995      
525.80    2001      
526.00    2007      
526.20    2071      
526.40    2099      
526.60    1973      
526.80    2026      
527.00    1983      
527.20    2085      
527.40    2072      
527.60    2090      
527.80    2059      
528.00    1987      
528.20    2002      
528.40    2033      
528.60    2015      
528.80    2044      
529.00    2041      
529.20    1954      
529.40    2119      
529.60    2005      
529.80    2057      
530.00    2046      
530.20    2041      
530.40    2020      
530.60    2101      
530.80    2079      
531.00    2069      
531.20    1984      
531.40    2050      
531.60    1999      
531.80    2039      
532.00    2048      
532.20    2031      
532.40    2083      
532.60    2052      
532.80    2018      
533.00    2013      
533.20    2032      
533.40    1943      
533.60    2055      
533.80    2026      
534.00    1999      
534.20    1990      
534.40    2002      
534.60    2055      
534.80    2046      
535.00    2026      
535.20    2054      
535.40    2021      
535.60    2054      
535.80    2039      
536.00    2026      
536.20    2034      
536.40    2038      
536.60    2115      
536.80    2006      
537.00    2065      
537.20    2075      
537.40    2006      
537.60    2021      
537.80    2078      
538.00    2009      
538.20    2074      
538.40    2064      
538.60    2021      
538.80    1993      
539.00    2033      
539.20    2023      
539.40    2028      
539.60    2020      
539.80    2033      
540.00    2051      
540.20    2068      
540.40    1995      
540.60    2023      
540.80    2077      
541.00    2010      
541.20    2023      
541.40    2030      
541.60    2050      
541.80    2014      
542.00    2004      
542.20    2009      
542.40    1976      
542.60    2051      
542.80    2116      
543.00    1990      
543.20    2001      
543.40    2043      
543.60    2006      
543.80    2054      
544.00    1995      
544.20    2075      
544.40    2064      
544.60    2049      
544.80    2090      
545.00    1927      
545.20    2040      
545.40    1999      
545.60    2068      
545.80    2048      
546.00    1963      
546.20    2105      
546.40    2063      
546.60    2032      
546.80    2042      
547.00    2036      
547.20    1992      
547.40    1977      
547.60    2025      
547.80    2051      
548.00    1996      
548.20    2036      
548.40    1982      
548.60    2083      
548.80    2017      
549.00    2052      
549.20    2073      
549.40    2053      
549.60    1986      
549.80    2065      
550.00    2042      
550.20    2099      
550.40    2007      
550.60    2006      
550.80    1984      
551.00    2017      
551.20    1969      
551.40    2027      
551.60    1960      
551.80    2037      
552.00    2046      
552.20    2083      
552.40    2094      
552.60    2034      
552.80    2009      
553.00    2031      
553.20    2063      
553.40    2157      
553.60    2011      
553.80    2053      
554.00    2042      
554.20    2038      
554.40    2005      
554.60    2050      
554.80    2026      
555.00    2005      
555.20    2048      
555.40    2027      
555.60    2005      
555.80    2024      
556.00    2058      
556.20    2020      
556.40    2068      
556.60    2111      
556.80    2003      
557.00    2142      
557.20    2056      
557.40    1979      
557.60    1989      
557.80    2029      
558.00    2036      
558.20    1948      
558.40    2066      
558.60    2037      
558.80    2040      
559.00    2013      
559.20    1994      
559.40    2015      
559.60    2056      
559.80    2024      
560.00    1985      
560.20    2067      
560.40    1999      
560.60    2030      
560.80    2004      
561.00    2085      
561.20    2062      
561.40    2067      
561.60    2118      
561.80    2029      
562.00    2012      
562.20    2054      
562.40    1986      
562.60    2112      
562.80    2023      
563.00    2048      
563.20    2001      
563.40    2102      
563.60    2004      
563.80    1998      
564.00    2016      
564.20    2010      
564.40    2004      
564.60    1956      
564.80    2011      
565.00    2036      
565.20    2034      
565.40    2013      
565.60    1981      
565.80    1979      
566.00    1991      
566.20    1998      
566.40    2087      
566.60    2012      
566.80    1981      
567.00    2018      
567.20    2046      
567.40    1984      
567.60    2013      
567.80    1970      
568.00    2100      
568.20    1974      
568.40    2059      
568.60    1997      
568.80    2050      
569.00    1969      
569.20    2000      
569.40    2025      
569.60    2029      
569.80    1983      
570.00    2001      
570.20    1997      
570.40    2080      
570.60    2156      
570.80    2013      
571.00    1990      
571.20    2115      
571.40    2009      
571.60    2042      
571.80    2064      
572.00    1955      
572.20    2051      
572.40    2030      
572.60    2110      
572.80    2039      
573.00    1989      
573.20    2145      
573.40    1970      
573.60    2054      
573.80    2086      
574.00    1998      
574.20    2022      
574.40    2004      
574.60    2070      
574.80    2005      
575.00    2030      
575.20    2009      
575.40    2010      
575.60    1960      
575.80    2120      
576.00    2087      
576.20    2019      
576.40    2014      
576.60    2060      
576.80    2076      
577.00    2062      
577.20    2050      
577.40    2017      
577.60    1997      
577.80    2109      
578.00    1999      
578.20    1984      
578.40    2018      
578.60    2019      
578.80    1971      
579.00    2008      
579.20    2055      
579.40    2060      
579.60    2050      
579.80    1961      
580.00    2007      
580.20    2147      
580.40    1994      
580.60    2016      
580.80    1994      
581.00    2016      
581.20    2014      
581.40    2039      
581.60    1979      
581.80    2031      
582.00    1972      
582.20    2055      
582.40    2106      
582.60    2021      
582.80    2022      
583.00    2070      
583.20    2067      
583.40    2016      
583.60    2014      
583.80    2021      
584.00    1981      
584.20    1991      
584.40    2048      
584.60    2010      
584.80    2029      
585.00    2035      
585.20    2033      
585.40    2109      
585.60    2018      
585.80    2052      
586.00    2045      
586.20    2043      
586.40    2076      
586.60    2031      
586.80    2078      
587.00    1966      
587.20    2083      
587.40    2022      
587.60    2094      
587.80    2093      
588.00    2013      
588.20    2122      
588.40    2006      
588.60    2033      
588.80    2057      
589.00    2009      
589.20    1980      
589.40    2129      
589.60    2034      
589.80    2019      
590.00    1995      
590.20    1997      
590.40    2001      
590.60    2089      
590.80    2022      
591.00    2019      
591.20    2029      
591.40    2001      
591.60    1990      
591.80    2061      
592.00    1997      
592.20    2017      
592.40    2022      
592.60    2023      
592.80    2056      
593.00    2052      
593.20    2070      
593.40    1990      
593.60    2020      
593.80    2041      
594.00    2020      
594.20    1990      
594.40    1981      
594.60    1988      
594.80    1986      
595.00    2173      
595.20    2034      
595.40    2059      
595.60    1994      
595.80    2032      
596.00    2011      
596.20    2075      
596.40    2025      
596.60    2046      
596.80    2025      
597.00    2027      
597.20    2073      
597.40    2011      
597.60    1996      
597.80    2003      
598.00    2017      
598.20    2041      
598.40    2043      
598.60    2071      
598.80    1971      
599.00    2037      
599.20    2051      
599.40    2040      
599.60    2037      
599.80    2054      
600.00    2097      
600.20    2058      
600.40    2003      
600.60    2000      
600.80    1968      
601.00    2037      
601.20    2025      
601.40    2108      
601.60    2041      
601.80    2068      
602.00    2011      
602.20    2011      
602.40    2038      
602.60    2097      
602.80    2034      
603.00    1978      
603.20    2026      
603.40    2017      
603.60    2102      
603.80    1970      
604.00    2030      
604.20    2030      
604.40    1994      
604.60    2037      
604.80    2024      
605.00    2084      
605.20    2101      
605.40    2020      
605.60    2014      
605.80    2021      
606.00    2020      
606.20    2027      
606.40    2048      
606.60    2003      
606.80    2193      
607.00    2023      
607.20    2029      
607.40    2010      
607.60    2047      
607.80    2020      
608.00    2008      
608.20    2074      
608.40    1994      
608.60    1971      
608.80    2033      
609.00    2029      
609.20    2012      
609.40    2025      
609.60    2102      
609.80    2028      
610.00    2078      
610.20    2073      
610.40    2104      
610.60    1992      
610.80    2015      
611.00    1972      
611.20    2034      
611.40    2023      
611.60    2060      
611.80    2006      
612.00    2007      
612.20    2015      
612.40    2089      
612.60    1994      
612.80    2101      
613.00    2071      
613.20    2005      
613.40    1988      
613.60    1957      
613.80    2049      
614.00    2066      
614.20    2086      
614.40    1977      
614.60    2017      
614.80    2006      
615.00    1964      
615.20    2011      
615.40    2049      
615.60    2083      
615.80    2038      
616.00    2019      
616.20    2090      
616.40    2138      
616.60    2064      
616.80    2050      
617.00    2031      
617.20    2035      
617.40    2037      
617.60    2030      
617.80    2047      
618.00    2009      
618.20    1978      
618.40    2042      
618.60    2032      
618.80    1962      
619.00    2022      
619.20    2019      
619.40    2062      
619.60    2070      
619.80    2034      
620.00    1982      
620.20    2114      
620.40    2051      
620.60    2017      
620.80    2059      
621.00    2057      
621.20    2030      
621.40    2040      
621.60    2181      
621.80    2044      
622.00    2017      
622.20    2008      
622.40    1983      
622.60    2075      
622.80    2079      
623.00    1993      
623.20    2022      
623.40    2006      
623.60    2031      
623.80    2056      
624.00    2038      
624.20    2106      
624.40    2001      
624.60    2058      
624.80    2084      
625.00    1992      
625.20    2033      
625.40    1998      
625.60    1968      
625.80    2004      
626.00    2062      
626.20    1983      
626.40    2030      
626.60    2048      
626.80    2066      
627.00    2044      
627.20    2117      
627.40    2028      
627.60    2028      
627.80    2067      
628.00    2076      
628.20    2067      
628.40    2076      
628.60    2080      
628.80    1994      
629.00    2041      
629.20    2028      
629.40    2035      
629.60    2061      
629.80    2021      
630.00    2063      
630.20    2040      
630.40    2038      
630.60    2014      
630.80    2082      
631.00    2035      
631.20    2071      
631.40    2180      
631.60    2032      
631.80    2072      
632.00    2067      
632.20    2040      
632.40    2020      
632.60    2071      
632.80    2044      
633.00    2027      
633.20    2031      
633.40    2067      
633.60    2040      
633.80    2080      
634.00    2036      
634.20    2044      
634.40    1992      
634.60    2052      
634.80    2000      
635.00    2066      
635.20    2006      
635.40    2004      
635.60    2035      
635.80    2021      
636.00    2073      
636.20    2055      
636.40    2020      
636.60    2069      
636.80    2041      
637.00    2065      
637.20    2170      
637.40    2091      
637.60    2012      
637.80    2020      
638.00    2024      
638.20    2042      
638.40    2056      
638.60    2024      
638.80    2041      
639.00    1980      
639.20    2032      
639.40    2122      
639.60    2052      
639.80    2085      
640.00    1997      
640.20    2019      
640.40    2012      
640.60    2023      
640.80    2036      
641.00    2003      
641.20    2104      
641.40    2057      
641.60    2116      
641.80    2008      
642.00    2031      
642.20    2026      
642.40    2007      
642.60    2018      
642.80    2068      
643.00    2059      
643.20    1990      
643.40    2049      
643.60    2094      
643.80    2070      
644.00    2075      
644.20    2115      
644.40    2000      
644.60    2091      
644.80    2024      
645.00    2009      
645.20    2012      
645.40    1988      
645.60    2028      
645.80    2017      
646.00    2066      
646.20    2052      
646.40    1999      
646.60    2038      
646.80    2049      
647.00    2159      
647.20    2100      
647.40    2062      
647.60    2046      
647.80    2056      
648.00    2060      
648.20    2038      
648.40    2001      
648.60    2036      
648.80    2041      
649.00    1992      
649.20    2040      
649.40    2013      
649.60    1977      
649.80    2063      
650.00    2055      
650.20    2029      
650.40    2012      
650.60    1950      
650.80    2079      
651.00    1990      
651.20    1963      
651.40    2056      
651.60    2061      
651.80    2117      
652.00    2073      
652.20    2052      
652.40    2042      
652.60    2022      
652.80    2084      
653.00    2029      
653.20    2036      
653.40    2022      
653.60    1975      
653.80    2039      
654.00    2055      
654.20    2057      
654.40    2070      
654.60    2058      
654.80    2024      
655.00    2065      
655.20    2089      
655.40    2041      
655.60    2055      
655.80    2052      
656.00    2028      
656.20    2074      
656.40    2090      
656.60    2020      
656.80    2015      
657.00    2047      
657.20    2107      
657.40    2074      
657.60    2033      
657.80    2065      
658.00    2018      
658.20    2110      
658.40    2009      
658.60    2024      
658.80    2065      
659.00    2087      
659.20    2031      
659.40    1991      
659.60    2008      
659.80    2106      
660.00    2034      
660.20    2073      
660.40    2076      
660.60    2039      
660.80    1989      
661.00    2024      
661.20    2071      
661.40    2149      
661.60    2047      
661.80    1993      
662.00    2002      
662.20    2102      
662.40    2020      
662.60    2022      
662.80    1997      
663.00    2013      
663.20    2043      
663.40    2078      
663.60    1982      
663.80    2007      
664.00    2062      
664.20    2017      
664.40    2053      
664.60    1991      
664.80    2058      
665.00    2083      
665.20    1974      
665.40    2010      
665.60    2082      
665.80    2083      
666.00    2039      
666.20    1999      
666.40    2017      
666.60    2057      
666.80    2048      
667.00    2042      
667.20    2000      
667.40    2019      
667.60    2094      
667.80    2007      
668.00    1972      
668.20    1954      
668.40    2047      
668.60    1986      
668.80    2095      
669.00    2099      
669.20    2041      
669.40    2018      
669.60    2021      
669.80    2042      
670.00    2036      
670.20    2040      
670.40    1992      
670.60    2004      
670.80    2058      
671.00    2178      
671.20    1976      
671.40    1991      
671.60    1984      
671.80    2065      
672.00    2059      
672.20    1965      
672.40    2034      
672.60    1990      
672.80    2037      
673.00    2083      
673.20    2050      
673.40    1986      
673.60    2008      
673.80    2065      
674.00    2041      
674.20    2046      
674.40    2033      
674.60    2057      
674.80    2067      
675.00    2089      
675.20    2026      
675.40    2020      
675.60    2012      
675.80    2009      
676.00    2053      
676.20    2102      
676.40    2013      
676.60    2060      
676.80    2117      
677.00    2035      
677.20    2058      
677.40    2064      
677.60    2038      
677.80    2041      
678.00    2022      
678.20    2058      
678.40    2041      
678.60    2176      
678.80    1974      
679.00    2053      
679.20    2021      
679.40    2053      
679.60    1996      
679.80    2091      
680.00    2031      
680.20    2049      
680.40    2032      
680.60    2029      
680.80    2131      
681.00    2038      
681.20    2086      
681.40    2093      
681.60    2022      
681.80    2024      
682.00    2086      
682.20    2131      
682.40    2082      
682.60    1968      
682.80    2033      
683.00    1979      
683.20    1995      
683.40    2059      
683.60    2094      
683.80    2032      
684.00    2085      
684.20    2104      
684.40    2100      
684.60    2027      
684.80    1977      
685.00    2149      
685.20    2024      
685.40    2089      
685.60    2041      
685.80    2041      
686.00    2119      
686.20    2047      
686.40    2059      
686.60    2122      
686.80    2064      
687.00    1956      
687.20    2035      
687.40    2054      
687.60    2075      
687.80    2157      
688.00    2053      
688.20    2058      
688.40    2058      
688.60    2092      
688.80    2149      
689.00    2004      
689.20    2178      
689.40    2048      
689.60    2003      
689.80    2072      
690.00    1994      
690.20    2035      
690.40    2025      
690.60    2109      
690.80    1998      
691.00    2062      
691.20    2035      
691.40    2048      
691.60    2042      
691.80    2070      
692.00    2047      
692.20    2095      
692.40    2161      
692.60    2089      
692.80    2007      
693.00    2157      
693.20    2070      
693.40    2090      
693.60    2000      
693.80    2096      
694.00    2086      
694.20    2013      
694.40    2020      
694.60    2097      
694.80    2117      
695.00    2056      
695.20    2046      
695.40    2022      
695.60    2047      
695.80    2013      
696.00    2125      
696.20    2024      
696.40    2016      
696.60    2055      
696.80    2023      
697.00    2097      
697.20    2018      
697.40    2054      
697.60    2029      
697.80    2056      
698.00    2068      
698.20    2102      
698.40    2055      
698.60    2056      
698.80    2079      
699.00    2067      
699.20    2084      
699.40    2043      
699.60    2049      
699.80    2084      
700.00    2052      
